      0/99     5.64G    0.1088   0.03254   0.04859      0.19       137       800 2.946e-05   0.01171  2.57e-06 5.644e-07   0.09927    0.0272   0.04626
      1/99     9.26G    0.1019   0.03073   0.04393    0.1765       115       800  0.003491   0.01309 0.0001382 2.985e-05    0.0941   0.02727    0.0451
      2/99     9.27G   0.08632   0.02884    0.0425    0.1577       116       800   0.03575    0.1637   0.01822  0.004033   0.07712   0.02248   0.04471
      3/99     9.27G   0.07719   0.02492   0.04178    0.1439       145       800    0.3946    0.1937   0.06319   0.01569   0.07018   0.02045    0.0431
      4/99     9.27G     0.075   0.02481   0.04046    0.1403       119       800    0.1796    0.1786  0.004696 0.0009135    0.0749   0.03613   0.04118
      5/99     9.27G   0.07104   0.02403   0.03835    0.1334       140       800    0.2914     0.283     0.103   0.02441   0.06699   0.01863   0.03881
      6/99     9.27G    0.0689   0.02309   0.03735    0.1293       126       800    0.2672    0.1958   0.06686   0.01672   0.07287   0.02135     0.038
      7/99     9.27G   0.06537   0.02196   0.03559    0.1229       155       800    0.3119    0.3083    0.1356    0.0324   0.06478   0.01745   0.03482
      8/99     9.27G   0.06192   0.02112   0.03405    0.1171       131       800    0.4186    0.3005    0.1935   0.04743   0.06084    0.0162   0.03408
      9/99     9.27G   0.05941   0.01998   0.03213    0.1115       127       800     0.413    0.4039    0.2593   0.08624   0.05409   0.01508   0.03165
     10/99     9.27G   0.05745   0.01893    0.0307    0.1071        84       800    0.4601    0.3259    0.2743   0.08417   0.05524   0.01648    0.0306
     11/99     9.27G   0.05534   0.01886   0.02892    0.1031       130       800     0.525    0.4023    0.3382     0.122    0.0509   0.01371   0.02799
     12/99     9.27G    0.0543   0.01806   0.02665   0.09901       116       800    0.4997    0.4525    0.3831    0.1346   0.05009     0.013   0.02696
     13/99     9.27G   0.05326     0.018   0.02486   0.09612        98       800     0.581    0.4552    0.4166    0.1545   0.04773   0.01376    0.0246
     14/99     9.27G   0.05211    0.0174   0.02455   0.09406       136       800    0.6156    0.4308    0.4123    0.1448   0.04978   0.01318   0.02449
     15/99     9.27G   0.05108   0.01724   0.02262   0.09094       143       800    0.6332    0.4726    0.4779    0.1972   0.04691   0.01314   0.02302
     16/99     9.27G   0.04982   0.01676   0.02164   0.08822       165       800    0.6923    0.4764    0.5128    0.2109    0.0456   0.01254   0.02139
     17/99     9.27G   0.04976   0.01659   0.02054   0.08689       115       800    0.6494     0.498    0.5087    0.2054   0.04729   0.01255   0.02174
     18/99     9.27G   0.04869   0.01655   0.02031   0.08556       147       800     0.714    0.5017    0.5373    0.2228   0.04467   0.01245    0.0224
     19/99     9.27G   0.04797   0.01611   0.01942   0.08351       123       800     0.735    0.5084    0.5525    0.2297   0.04533   0.01178   0.01997
     20/99     9.27G   0.04762   0.01604   0.01823   0.08189       150       800    0.7618    0.5297    0.5824    0.2573   0.04352    0.0115   0.01947
     21/99     9.27G   0.04635    0.0157   0.01691   0.07896       127       800    0.7729    0.5027    0.5745    0.2564   0.04309   0.01206   0.01882
     22/99     9.27G   0.04569   0.01584   0.01639   0.07792       144       800    0.7794     0.537    0.5959    0.2617   0.04233   0.01177   0.01708
     23/99     9.27G   0.04545   0.01574   0.01595   0.07714       137       800    0.7655    0.5702    0.6115    0.2806   0.04143   0.01155   0.01689
     24/99     9.27G   0.04475   0.01546   0.01579     0.076       117       800    0.7943    0.5592    0.6208    0.2817   0.04046   0.01126   0.01743
     25/99     9.27G   0.04445   0.01538   0.01471   0.07454       136       800    0.8213    0.5711    0.6326    0.2876   0.04084   0.01114   0.01497
     26/99     9.27G   0.04335   0.01509   0.01399   0.07242       133       800    0.7878    0.5913     0.636    0.2962   0.03959   0.01099   0.01437
     27/99     9.27G   0.04333   0.01467   0.01416   0.07215       106       800    0.8331    0.5598    0.6295    0.3015   0.03967    0.0116   0.01428
     28/99     9.27G   0.04295   0.01464   0.01342   0.07101       135       800    0.7907    0.5887     0.641    0.3045   0.03976   0.01067   0.01526
     29/99     9.27G   0.04245   0.01447   0.01283   0.06974       158       800    0.7978    0.5843    0.6433    0.3106   0.03954   0.01087    0.0151
     30/99     9.27G   0.04226   0.01458   0.01312   0.06996       113       800    0.8342    0.5792    0.6594    0.3185   0.03982   0.01074   0.01469
     31/99     9.27G    0.0417    0.0146   0.01198   0.06828       111       800    0.8413     0.604    0.6688    0.3247   0.03879   0.01038   0.01346
     32/99     9.27G   0.04152   0.01397   0.01171    0.0672        90       800     0.813    0.5927    0.6524    0.3137   0.03881   0.01066   0.01484
     33/99     9.27G    0.0409   0.01416   0.01128   0.06634       125       800     0.834    0.5984    0.6635      0.33   0.03694   0.01039   0.01453
     34/99     9.27G   0.04066   0.01391    0.0113   0.06587       133       800    0.8314    0.5886    0.6521    0.3202   0.03781   0.01057   0.01419
     35/99     9.27G   0.04008   0.01409   0.01146   0.06563       128       800    0.8366    0.6194    0.6847    0.3429   0.03732   0.01021   0.01287
     36/99     9.27G   0.03988   0.01374   0.01005   0.06367       142       800    0.8266     0.619    0.6754    0.3376   0.03726   0.01021   0.01287
     37/99     9.27G   0.03953   0.01364   0.01034   0.06351       140       800    0.8391    0.6174    0.6843    0.3458   0.03702   0.01011   0.01305
     38/99     9.27G    0.0391   0.01358   0.01005   0.06273       111       800    0.8563    0.6012    0.6783    0.3357   0.03708    0.0103   0.01349
     39/99     9.27G   0.03906   0.01353  0.009894   0.06248       133       800    0.8636    0.5987    0.6864    0.3501   0.03683   0.01006   0.01363
     40/99     9.27G   0.03832    0.0135  0.009241   0.06107       126       800    0.8674    0.6094    0.6932    0.3602   0.03603  0.009907   0.01276
     41/99     9.27G   0.03838   0.01341  0.009596   0.06139       133       800    0.8831    0.6176    0.7016    0.3639   0.03613   0.00976   0.01234
     42/99     9.27G    0.0376   0.01319  0.009546   0.06033       109       800    0.8683    0.6276    0.7107    0.3619   0.03643  0.009938   0.01215
     43/99     9.27G   0.03756   0.01331  0.008983   0.05986        88       800    0.8598    0.6204    0.7062    0.3721   0.03558   0.00978   0.01268
     44/99     9.27G   0.03745   0.01311  0.008778   0.05934       160       800    0.8471    0.6398    0.7106    0.3768   0.03467  0.009679   0.01209
     45/99     9.27G   0.03707   0.01305  0.008452   0.05857       120       800    0.8558    0.6362     0.712    0.3681   0.03508  0.009751   0.01221
     46/99     9.27G   0.03693   0.01324  0.008359   0.05853       131       800    0.8736     0.637    0.7121    0.3684   0.03476  0.009723   0.01235
     47/99     9.27G   0.03637   0.01239  0.008256   0.05701       111       800     0.868     0.618     0.714    0.3707   0.03525  0.009968   0.01308
     48/99     9.27G   0.03619   0.01298  0.008288   0.05745       153       800    0.8587    0.6302    0.7186    0.3846   0.03435   0.00957   0.01308
     49/99     9.27G    0.0364   0.01288  0.008171   0.05745       135       800    0.8504    0.6316    0.7008    0.3619   0.03522  0.009877   0.01295
     50/99     9.27G   0.03532   0.01296  0.007548   0.05582       126       800    0.8714    0.6384    0.7094    0.3768   0.03404  0.009472   0.01273
     51/99     9.27G   0.03582    0.0127  0.007665   0.05618       140       800    0.8981    0.6361    0.7119    0.3783   0.03413    0.0094   0.01214
     52/99     9.27G   0.03572   0.01265  0.007692   0.05606       133       800    0.8982    0.6247    0.7173    0.3864   0.03379  0.009474   0.01207
     53/99     9.27G   0.03469   0.01237  0.007148   0.05422       120       800    0.8427    0.6593    0.7208    0.3885   0.03387  0.009381   0.01249
     54/99     9.27G   0.03459   0.01244  0.006642   0.05367       131       800     0.865     0.636    0.7118    0.3865   0.03329  0.009382   0.01226
     55/99     9.27G   0.03486   0.01227  0.006925   0.05406       171       800     0.893    0.6298    0.7233    0.3954   0.03334   0.00925   0.01188
     56/99     9.27G   0.03432   0.01241  0.007005   0.05374       113       800    0.8803    0.6326    0.7308    0.3927   0.03286  0.009304   0.01255
     57/99     9.27G   0.03383   0.01212  0.006387   0.05234       174       800    0.8447    0.6576    0.7221     0.398   0.03306   0.00929   0.01227
     58/99     9.27G   0.03419   0.01223  0.006546   0.05296       131       800     0.885    0.6371    0.7251    0.3919   0.03325   0.00926   0.01267
     59/99     9.27G   0.03377   0.01204  0.006034   0.05184       140       800    0.8934    0.6397    0.7345    0.4021   0.03339  0.009152   0.01211
     60/99     9.27G   0.03348   0.01196  0.006276   0.05172       160       800    0.8847    0.6463    0.7263    0.4013   0.03267  0.009332   0.01246
     61/99     9.27G   0.03324   0.01202  0.006056   0.05132       118       800    0.8959    0.6431    0.7312    0.4022   0.03259  0.009113   0.01271
     62/99     9.27G   0.03301    0.0118  0.005811   0.05062       115       800    0.9028    0.6334    0.7334    0.4071   0.03247  0.009024   0.01214
     63/99     9.27G   0.03258   0.01189  0.005717   0.05019       130       800    0.8717    0.6617    0.7335    0.4022   0.03237  0.009118   0.01235
     64/99     9.27G   0.03252   0.01187   0.00611    0.0505       104       800    0.8666    0.6591    0.7488    0.4157   0.03175  0.008963    0.0125
     65/99     9.27G   0.03236    0.0116  0.005598   0.04956       122       800    0.8661    0.6649    0.7501    0.4132   0.03159  0.009009   0.01194
     66/99     9.27G   0.03222   0.01175   0.00573    0.0497       122       800     0.863    0.6593    0.7423    0.4148    0.0318  0.008998   0.01266
     67/99     9.27G    0.0319   0.01167  0.005298   0.04887       132       800    0.8954    0.6304    0.7416    0.4144   0.03122  0.008875   0.01357
     68/99     9.27G   0.03282   0.01168  0.005854   0.05036       130       800    0.8687    0.6534    0.7397    0.4111   0.03195   0.00908   0.01299
     69/99     9.27G   0.03185    0.0116  0.005555     0.049       131       800      0.91    0.6353    0.7577    0.4189   0.03155  0.008895   0.01186
     70/99     9.27G   0.03178   0.01178  0.005179   0.04873       146       800    0.8856    0.6456    0.7526    0.4197   0.03164  0.008905   0.01238
     71/99     9.27G   0.03127   0.01147  0.005108   0.04784       141       800    0.8757     0.664    0.7595    0.4224   0.03181  0.008837   0.01283
     72/99     9.27G   0.03124   0.01138   0.00509   0.04771       105       800    0.8867    0.6582    0.7543    0.4202   0.03155  0.008864   0.01311
     73/99     9.27G   0.03077   0.01136  0.004809   0.04694       130       800    0.8987    0.6449    0.7497    0.4193   0.03164  0.008881   0.01261
     74/99     9.27G   0.03081   0.01124  0.004756   0.04681       171       800    0.8985    0.6496     0.757     0.427   0.03127    0.0088   0.01331
     75/99     9.27G   0.03008   0.01112  0.004498    0.0457       133       800     0.866    0.6766     0.766     0.427    0.0311  0.008769   0.01331
     76/99     9.27G   0.03026   0.01125   0.00476   0.04627       136       800    0.8733    0.6747    0.7671    0.4302   0.03091  0.008794   0.01296
     77/99     9.27G   0.03046   0.01119  0.004743   0.04639       133       800    0.8745    0.6678    0.7601     0.431   0.03094  0.008745   0.01311
     78/99     9.27G   0.02991   0.01098  0.004544   0.04544       101       800    0.8898     0.658    0.7587    0.4298    0.0308  0.008764   0.01285
     79/99     9.27G   0.02977   0.01114  0.004192    0.0451       126       800     0.876    0.6627    0.7454    0.4256   0.03068  0.008657   0.01391
     80/99     9.27G   0.02973   0.01104  0.004201   0.04497       133       800    0.8975    0.6567    0.7672     0.435   0.03084  0.008736   0.01367
     81/99     9.27G   0.02981   0.01118  0.004602   0.04559       130       800    0.8893     0.665    0.7644    0.4414    0.0308  0.008668   0.01326
     82/99     9.27G   0.02943   0.01083  0.004144   0.04441       148       800    0.9001    0.6513    0.7632    0.4326   0.03065  0.008698   0.01281
     83/99     9.27G   0.02928   0.01071  0.003861   0.04385       125       800    0.8873    0.6719    0.7644    0.4362   0.03083   0.00875   0.01328
     84/99     9.27G   0.02938   0.01088  0.003719   0.04398       100       800    0.8843    0.6715    0.7766     0.441   0.03033  0.008669    0.0132
     85/99     9.27G   0.02884   0.01068  0.003927   0.04344       134       800    0.6491    0.7951     0.771    0.4415   0.03083  0.008707   0.01319
     86/99     9.27G   0.02934   0.01108  0.003864   0.04428       137       800    0.7734    0.7387    0.7753    0.4395   0.03068  0.008766   0.01342
     87/99     9.27G    0.0287   0.01071  0.003922   0.04333       117       800    0.7123    0.7591    0.7735    0.4446   0.03032  0.008646   0.01303
     88/99     9.27G   0.02865   0.01077  0.003809   0.04323       158       800    0.7701    0.7503    0.7762     0.444   0.03045  0.008626   0.01268
     89/99     9.27G   0.02807   0.01065  0.003651   0.04237       130       800    0.7782    0.7422    0.7764    0.4475   0.03038  0.008648   0.01313
     90/99     9.27G   0.02848   0.01067  0.003867   0.04302       127       800    0.7604    0.7584    0.7818    0.4485   0.02994  0.008601    0.0137
     91/99     9.27G   0.02824   0.01058  0.004021   0.04284       140       800    0.6941    0.7877    0.7869    0.4494   0.02996  0.008639   0.01346
     92/99     9.27G   0.02879    0.0109  0.003569   0.04326       118       800    0.8038    0.7311    0.7693    0.4414   0.02985  0.008607   0.01341
     93/99     9.27G   0.02852   0.01072  0.003756   0.04299       145       800      0.82    0.7337    0.7786    0.4442   0.03002  0.008655   0.01294
     94/99     9.27G   0.02833   0.01068  0.003706   0.04272       159       800    0.8175     0.733    0.7748    0.4466   0.03005  0.008628   0.01284
     95/99     9.27G   0.02796   0.01063  0.003476   0.04207       116       800    0.7064      0.78    0.7779     0.452   0.02989  0.008538   0.01305
     96/99     9.27G   0.02807   0.01065  0.003418   0.04213       123       800    0.7155     0.771    0.7808    0.4539   0.02957  0.008584   0.01277
     97/99     9.27G    0.0284   0.01055  0.003375   0.04233       151       800      0.81    0.7349    0.7719    0.4473   0.02945  0.008583   0.01304
     98/99     9.27G    0.0281   0.01069  0.003356   0.04215       121       800    0.7381    0.7579    0.7809    0.4495    0.0295  0.008581   0.01259
     99/99     9.27G     0.028   0.01054  0.003574   0.04212       110       800    0.7133    0.7847     0.779    0.4496   0.02942  0.008583   0.01355
