     0/199     7.54G   0.09379   0.03653    0.0485    0.1788       114      1024    0.4426    0.1585   0.09893   0.02818   0.05986   0.02155   0.04627
     1/199     14.9G   0.06216   0.02436   0.04031    0.1268       102      1024    0.7231      0.22    0.2458   0.09632   0.04646   0.01692   0.03939
     2/199     14.9G   0.05556   0.02043    0.0341    0.1101       113      1024    0.4125    0.5679    0.3707    0.1633   0.04394   0.01359   0.03508
     3/199     14.9G   0.05364   0.01835   0.02929    0.1013       116      1024     0.484    0.4483    0.3362    0.1129   0.04868   0.01369   0.02964
     4/199     14.9G   0.05693   0.01784   0.02579    0.1006       111      1024     0.569    0.4688    0.4409    0.1701    0.0473   0.01211   0.02682
     5/199     14.9G   0.05295   0.01733   0.02341   0.09369       104      1024    0.5616    0.5387    0.4975    0.1922    0.0451   0.01244   0.02782
     6/199     14.9G   0.04955   0.01712   0.02111   0.08777       104      1024    0.7091    0.5507     0.578    0.2538    0.0423   0.01222   0.02154
     7/199     14.9G   0.04849   0.01706   0.01918   0.08473       165      1024    0.6558    0.5412    0.5292    0.2404   0.04126   0.01305   0.02349
     8/199     14.9G    0.0463    0.0169   0.01669   0.07989        97      1024    0.8113    0.5603    0.6396    0.2997   0.03974   0.01175   0.01751
     9/199     14.9G   0.04365   0.01634   0.01552   0.07551       103      1024    0.7829    0.6168    0.6599    0.3117   0.04066   0.01125   0.01542
    10/199     14.9G   0.04183   0.01544   0.01372   0.07098       133      1024    0.8192    0.6367    0.6835    0.3707   0.03742   0.01116   0.01455
    11/199     14.9G   0.04045   0.01545    0.0127    0.0686       125      1024    0.8255     0.639    0.6955    0.3651   0.03558   0.01109   0.01461
    12/199     14.9G   0.03937   0.01493   0.01178   0.06607       101      1024    0.8494    0.6153    0.6865    0.3748   0.03725   0.01109   0.01316
    13/199     14.9G   0.03844   0.01447   0.01079    0.0637       123      1024    0.8577    0.6167    0.6962    0.3842   0.03463   0.01088   0.01447
    14/199     14.9G   0.03743    0.0144   0.01035   0.06218        99      1024    0.8655    0.6532     0.716    0.3955   0.03404    0.0106   0.01379
    15/199     14.9G   0.03728   0.01417   0.01024   0.06169       110      1024    0.8215    0.6304    0.6869    0.3798   0.03415   0.01054   0.01451
    16/199     14.9G   0.03652   0.01434  0.009397   0.06026       110      1024    0.8677    0.6465     0.721    0.3846   0.03466   0.01095   0.01297
    17/199     14.9G   0.03607   0.01414   0.01003   0.06024       114      1024    0.8346    0.6796    0.7222    0.3967   0.03294   0.01076   0.01255
    18/199     14.9G   0.03538   0.01409  0.009443   0.05891       109      1024    0.8595    0.6601     0.718     0.404    0.0329   0.01047   0.01262
    19/199     14.9G     0.035   0.01361  0.008768   0.05737       108      1024    0.8404    0.6426    0.7155    0.4045   0.03313   0.01082    0.0133
    20/199     14.9G   0.03512   0.01362  0.008085   0.05683        91      1024    0.8475    0.6801    0.7458    0.4259   0.03254   0.01031   0.01238
    21/199     14.9G   0.03411   0.01349  0.007557   0.05516       103      1024    0.8897    0.6913    0.7514    0.4402   0.03073   0.01008   0.01089
    22/199     14.9G   0.03344    0.0132  0.007879   0.05452       101      1024    0.8825    0.6826     0.747    0.4364   0.03134      0.01   0.01216
    23/199     14.9G   0.03396   0.01336  0.007607   0.05493       104      1024    0.8739    0.7026    0.7647    0.4548   0.03034  0.009757   0.01062
    24/199     14.9G   0.03288   0.01306   0.00687   0.05281       125      1024    0.8965    0.6917    0.7628    0.4493    0.0309   0.01008   0.01054
    25/199     14.9G   0.03319   0.01329  0.007008   0.05349       121      1024    0.8693    0.7011    0.7872    0.4661   0.03085      0.01   0.01066
    26/199     14.9G   0.03283   0.01306  0.006786   0.05268       124      1024    0.8908    0.7055    0.7857    0.4731   0.02933   0.00958   0.01058
    27/199     14.9G   0.03245   0.01281  0.006636   0.05189       124      1024    0.8901    0.7115    0.7764    0.4608   0.02983  0.009702  0.009947
    28/199     14.9G   0.03183   0.01264  0.006628    0.0511        94      1024    0.8664    0.6867    0.7907    0.4557    0.0311  0.009887   0.01226
    29/199     14.9G   0.03133   0.01268   0.00648   0.05049       135      1024    0.9008    0.6703    0.7881    0.4633   0.03065  0.009917   0.01156
    30/199     14.9G   0.03174   0.01287  0.005984    0.0506       134      1024    0.9142    0.6895    0.7875    0.4731   0.03014  0.009847   0.01034
    31/199     14.9G   0.03146   0.01268  0.006127   0.05027       143      1024    0.9153    0.6907     0.806      0.48   0.02946  0.009724   0.01138
    32/199     14.9G    0.0308   0.01251  0.005927   0.04924       109      1024    0.7626    0.7804    0.8023    0.4796   0.02983  0.009723   0.01177
    33/199     14.9G   0.03074    0.0123   0.00521   0.04825       105      1024    0.7686    0.8011    0.8337    0.4941   0.02966  0.009597   0.01141
    34/199     14.9G   0.03028   0.01218    0.0055   0.04796        98      1024     0.695    0.8132       0.8    0.4702   0.02996   0.00957   0.01168
    35/199     14.9G   0.03011   0.01218  0.005284   0.04757       117      1024    0.8065    0.7485    0.8001    0.4866   0.02893  0.009417   0.01015
    36/199     14.9G   0.03077   0.01248  0.005596   0.04885       105      1024    0.8061    0.7764    0.8206    0.4921   0.02935   0.00966   0.01143
    37/199     14.9G    0.0303   0.01219  0.005665   0.04815       143      1024    0.7288    0.8115    0.8116    0.4757   0.02948  0.009779    0.0105
    38/199     14.9G   0.03003   0.01233  0.005171   0.04753        95      1024    0.7791    0.8188    0.8416    0.5024   0.02884  0.009403   0.01355
    39/199     14.9G   0.02947   0.01203  0.004609    0.0461        94      1024    0.8677    0.7592    0.8193    0.4965   0.02928   0.00935   0.01061
    40/199     14.9G   0.02973   0.01226  0.004694   0.04669       123      1024    0.8249    0.7846    0.8117    0.4873   0.02924  0.009569   0.01131
    41/199     14.9G    0.0297   0.01201  0.004505   0.04621        89      1024    0.8263     0.758       0.8    0.4956   0.02857  0.009297  0.009862
    42/199     14.9G   0.02953   0.01192  0.004349    0.0458       120      1024    0.8076    0.7918    0.8228    0.4995   0.02843  0.009243   0.01111
    43/199     14.9G   0.02931   0.01201  0.004192   0.04551        93      1024    0.9285    0.7496    0.8377    0.5191   0.02848  0.009408   0.01077
    44/199     14.9G   0.02897   0.01182  0.003931   0.04472       121      1024    0.9037    0.7407    0.8194     0.513   0.02801  0.009398   0.01898
    45/199     14.9G   0.02843   0.01181  0.003931   0.04417       107      1024    0.8764    0.7501    0.8193    0.5014   0.02842  0.009371   0.01245
    46/199     14.9G   0.02877   0.01175  0.003981   0.04451       130      1024    0.7738    0.8168    0.8204    0.5134   0.02853  0.009359   0.01055
    47/199     14.9G   0.02819   0.01139   0.00397   0.04355       101      1024    0.7854    0.8197    0.8279     0.505   0.02865  0.009474   0.01111
    48/199     14.9G   0.02874   0.01176  0.004064   0.04456       114      1024    0.8135    0.8168    0.8329    0.5155    0.0281  0.009348   0.01194
    49/199     14.9G   0.02769   0.01156  0.003555   0.04281       113      1024    0.8313    0.8168    0.8506    0.5321    0.0272  0.009239  0.009575
    50/199     14.9G   0.02779   0.01145  0.003528   0.04277       113      1024    0.8946    0.7799    0.8372    0.5285   0.02749  0.009211   0.01035
    51/199     14.9G   0.02762   0.01147  0.003472   0.04256       100      1024    0.8575    0.8021     0.833     0.526   0.02754   0.00915   0.01141
    52/199     14.9G   0.02771   0.01144  0.003603   0.04275       118      1024    0.8204    0.8207    0.8398     0.525   0.02713  0.009119    0.0106
    53/199     14.9G    0.0274   0.01129  0.003325   0.04201        88      1024    0.8186    0.8015    0.8212    0.5131   0.02754  0.009208   0.01055
    54/199     14.9G   0.02693   0.01132  0.003384   0.04163       133      1024     0.887    0.7833    0.8396    0.5327    0.0277  0.009449   0.01092
    55/199     14.9G   0.02703   0.01104  0.003267   0.04133        90      1024    0.8305    0.7987     0.839    0.5302   0.02751  0.009156   0.01054
    56/199     14.9G   0.02719   0.01143  0.003141   0.04176        92      1024    0.8602    0.7843      0.84    0.5188   0.02744  0.009238   0.01518
    57/199     14.9G    0.0269   0.01132  0.003027   0.04125       101      1024    0.8351    0.8273     0.839    0.5296   0.02758   0.00926   0.01029
    58/199     14.9G   0.02692    0.0113  0.003187   0.04141       124      1024    0.8715    0.7842    0.8309    0.5295   0.02703  0.009119   0.01016
    59/199     14.9G   0.02656   0.01114  0.003132   0.04083       107      1024    0.8715    0.8008    0.8365    0.5177   0.02774  0.009343   0.01251
    60/199     14.9G    0.0264   0.01108  0.003099   0.04058       109      1024    0.8778    0.7717    0.8211    0.5209   0.02722  0.009213   0.01116
    61/199     14.9G   0.02669   0.01132  0.003341   0.04134       135      1024    0.8401    0.8389    0.8534    0.5398   0.02733  0.009119   0.01061
    62/199     14.9G   0.02645   0.01106   0.00319    0.0407        83      1024    0.8635    0.8073    0.8471    0.5466   0.02638  0.009038   0.01042
    63/199     14.9G   0.02641    0.0112  0.002945   0.04055       131      1024    0.8508    0.7911    0.8291    0.5314   0.02706  0.009157   0.01057
    64/199     14.9G   0.02647   0.01127  0.003448   0.04119       135      1024    0.8248    0.8203     0.836    0.5368   0.02723  0.009165   0.01031
    65/199     14.9G   0.02619   0.01084  0.003156   0.04019       118      1024    0.8636     0.781    0.8381    0.5369   0.02702  0.009092   0.01149
    66/199     14.9G   0.02623   0.01093  0.003487   0.04065       101      1024    0.8778    0.7947    0.8417     0.534   0.02706  0.009052   0.01039
    67/199     14.9G   0.02637   0.01107  0.002957   0.04039        96      1024    0.9074    0.7536    0.8256    0.5235   0.02686  0.009134   0.01089
    68/199     14.9G   0.02578   0.01062  0.002727   0.03913       135      1024     0.846    0.7951    0.8299    0.5428    0.0266   0.00899   0.01079
    69/199     14.9G   0.02563   0.01054   0.00255   0.03871        99      1024    0.8932    0.7691    0.8384    0.5439   0.02682  0.009121   0.01083
    70/199     14.9G   0.02541   0.01078  0.002699   0.03889        83      1024    0.8675    0.7939     0.846    0.5438   0.02669  0.009065   0.01058
    71/199     14.9G    0.0253   0.01061   0.00261   0.03853        91      1024    0.7923    0.8139    0.8336    0.5309   0.02685  0.009275    0.0142
    72/199     14.9G   0.02582   0.01082  0.002787   0.03943       125      1024    0.8676    0.7935    0.8425    0.5423   0.02675  0.009023   0.01079
    73/199     14.9G   0.02552    0.0109  0.003059   0.03947       114      1024    0.8863    0.7909    0.8497    0.5392   0.02692  0.009243   0.01012
    74/199     14.9G   0.02517   0.01087  0.002729   0.03877        98      1024    0.8406    0.8276    0.8417    0.5416   0.02585  0.009108   0.01001
    75/199     14.9G   0.02524   0.01034  0.002537   0.03812       101      1024    0.8131    0.8275    0.8388    0.5359   0.02623  0.009116  0.009794
    76/199     14.9G   0.02493   0.01052  0.002218   0.03767       138      1024    0.8841    0.8078    0.8402    0.5372   0.02601  0.009096   0.01025
    77/199     14.9G   0.02527    0.0107  0.002316   0.03829        98      1024    0.8177    0.8158    0.8296     0.533   0.02581   0.00894   0.01047
    78/199     14.9G   0.02477   0.01048   0.00267   0.03792       134      1024    0.8507    0.8203    0.8381    0.5475   0.02606  0.009013   0.01062
    79/199     14.9G   0.02476   0.01063  0.002564   0.03795       122      1024    0.9031    0.7921    0.8448    0.5462   0.02638   0.00902   0.01248
    80/199     14.9G    0.0243   0.01053   0.00265   0.03748       103      1024     0.884    0.7982    0.8419    0.5487   0.02621  0.009005   0.01233
    81/199     14.9G   0.02458   0.01066  0.002825   0.03807       112      1024    0.8708    0.7997    0.8453    0.5505   0.02569   0.00894   0.01127
    82/199     14.9G   0.02466   0.01056  0.003356   0.03857        97      1024    0.8632    0.7862    0.8244    0.5363   0.02632   0.00906   0.01226
    83/199     14.9G   0.02488   0.01061  0.002913    0.0384       132      1024    0.8682    0.7993    0.8383    0.5478   0.02573  0.009005   0.01161
    84/199     14.9G   0.02461   0.01053  0.002439   0.03758       103      1024    0.8622    0.8161     0.848    0.5521   0.02605  0.008949   0.01206
    85/199     14.9G   0.02427   0.01041  0.002126   0.03681        99      1024    0.8405    0.8133    0.8353    0.5425   0.02598   0.00902   0.01079
    86/199     14.9G   0.02471    0.0107  0.002554   0.03796        93      1024    0.8533    0.8232    0.8426    0.5514   0.02582  0.008911   0.01039
    87/199     14.9G   0.02418   0.01047  0.002266   0.03692       132      1024    0.8946    0.8081    0.8333    0.5421   0.02578   0.00885   0.01109
    88/199     14.9G   0.02408   0.01039  0.002191   0.03666       126      1024    0.8706    0.8054    0.8306    0.5322     0.026  0.009025   0.01292
    89/199     14.9G   0.02385   0.01029  0.002252    0.0364       136      1024    0.9042    0.7902    0.8359    0.5455   0.02589  0.008973   0.01163
    90/199     14.9G   0.02335  0.009996  0.002174   0.03552       118      1024    0.8279    0.8222    0.8246    0.5382   0.02588  0.008877   0.01154
    91/199     14.9G   0.02373   0.01013  0.002112   0.03597        89      1024    0.8678    0.7681    0.8269    0.5384    0.0256   0.00897   0.01199
    92/199     14.9G   0.02339   0.01021   0.00197   0.03557       107      1024    0.8929    0.7792    0.8309    0.5424   0.02531  0.008922     0.011
    93/199     14.9G   0.02325   0.00995  0.001754   0.03495       126      1024    0.8761    0.8249    0.8463    0.5548   0.02525  0.008846   0.01062
    94/199     14.9G   0.02321   0.01005  0.001679   0.03493        95      1024     0.839    0.8459    0.8454    0.5578    0.0252  0.008904   0.01073
    95/199     14.9G   0.02291   0.00987  0.001936   0.03471       137      1024    0.8621    0.8297    0.8573     0.558   0.02547  0.008969   0.01073
    96/199     14.9G   0.02292  0.009986  0.002023   0.03493       113      1024    0.8865    0.8174    0.8474     0.553   0.02579  0.009078   0.01072
    97/199     14.9G   0.02272  0.009733  0.001934   0.03439        91      1024    0.8809    0.8132     0.845    0.5586   0.02544   0.00897   0.01061
    98/199     14.9G   0.02278   0.00983  0.001789    0.0344        94      1024    0.8527    0.8219    0.8441    0.5531   0.02531  0.009009   0.01208
    99/199     14.9G   0.02252   0.01003  0.002121   0.03468       100      1024    0.8623    0.7973    0.8358    0.5517   0.02548  0.008911   0.01208
   100/199     14.9G   0.02249   0.00995  0.001883   0.03433       105      1024    0.8555    0.8071    0.8414    0.5574   0.02526  0.008905   0.01122
   101/199     14.9G   0.02243  0.009754   0.00191   0.03409       126      1024    0.8846    0.7898    0.8356     0.545   0.02538  0.008926   0.01101
   102/199     14.9G   0.02263  0.009932  0.002225   0.03478       146      1024    0.8597    0.7962    0.8176    0.5319   0.02551     0.009   0.01173
   103/199     14.9G   0.02231  0.009784  0.001821   0.03391       133      1024    0.8574    0.8422    0.8476    0.5504   0.02565   0.00904    0.0105
   104/199     14.9G   0.02221  0.009801   0.00181   0.03383       115      1024    0.8888    0.8238     0.848    0.5551   0.02518  0.008912   0.01095
   105/199     14.9G   0.02207  0.009699   0.00173    0.0335        86      1024    0.8663    0.8343     0.851    0.5645    0.0252  0.008933   0.01033
   106/199     14.9G   0.02221  0.009608  0.001776   0.03359       111      1024    0.8829    0.8153    0.8457    0.5574   0.02531     0.009   0.01029
   107/199     14.9G   0.02189  0.009734    0.0017   0.03332       148      1024    0.8914    0.8078    0.8454    0.5593   0.02516  0.008912    0.0108
   108/199     14.9G   0.02166  0.009655  0.001547   0.03286       115      1024    0.8486     0.849    0.8526    0.5651   0.02504   0.00884   0.01033
   109/199     14.9G   0.02172  0.009617   0.00181   0.03315        90      1024    0.8569    0.8371    0.8513    0.5609   0.02514  0.008899   0.01098
   110/199     14.9G   0.02186  0.009508  0.001547   0.03291       101      1024    0.8577    0.8179    0.8484     0.563   0.02488  0.008844    0.0109
   111/199     14.9G   0.02173  0.009547  0.001599   0.03287       130      1024    0.8721    0.8258    0.8507    0.5582   0.02518  0.008925   0.01117
   112/199     14.9G   0.02176  0.009532  0.001677   0.03297       117      1024    0.8632    0.8204    0.8466    0.5635   0.02497  0.008837   0.01087
   113/199     14.9G   0.02133  0.009297  0.001696   0.03232       103      1024    0.8274    0.8385    0.8454    0.5607   0.02497  0.008908   0.01087
   114/199     14.9G   0.02146  0.009282  0.001574   0.03232       123      1024    0.8896    0.7925    0.8396    0.5589   0.02492  0.008931   0.01088
   115/199     14.9G   0.02119  0.009293  0.001573   0.03205        91      1024    0.8907    0.7993    0.8484    0.5597   0.02509  0.008965   0.01101
   116/199     14.9G   0.02127  0.009358  0.001478    0.0321       103      1024    0.8781    0.8049    0.8426    0.5574   0.02504  0.008988   0.01103
   117/199     14.9G   0.02103  0.009435  0.001676   0.03214       115      1024    0.8843    0.7936    0.8422    0.5573   0.02498  0.008999   0.01149
   118/199     14.9G     0.021  0.009371  0.001695   0.03207       103      1024    0.8778    0.8008    0.8409    0.5529   0.02497  0.009018   0.01151
   119/199     14.9G   0.02122   0.00922  0.001599   0.03204        76      1024    0.8616    0.8115    0.8382    0.5556   0.02501  0.008937   0.01147
   120/199     14.9G   0.02089  0.009303  0.001463   0.03166       100      1024    0.8794    0.8184    0.8423    0.5563    0.0248  0.008957   0.01127
   121/199     14.9G   0.02063  0.009198  0.001515   0.03134        97      1024    0.8732    0.8097    0.8442    0.5573    0.0248  0.008958   0.01165
   122/199     14.9G   0.02071  0.009075  0.001501   0.03129       108      1024    0.8618    0.8059     0.833    0.5532   0.02495  0.009039   0.01144
   123/199     14.9G   0.02074   0.00926  0.001285   0.03129       136      1024    0.8185    0.8279    0.8348    0.5552   0.02507  0.009087   0.01117
   124/199     14.9G   0.02045  0.009011  0.001547   0.03101        97      1024    0.8671    0.8066    0.8319    0.5527    0.0251  0.009055   0.01178
   125/199     14.9G   0.02069  0.009121  0.001335   0.03115       100      1024    0.8811    0.7994     0.834    0.5523   0.02521  0.009037   0.01156
   126/199     14.9G   0.02032  0.008938  0.001337    0.0306       101      1024    0.8238    0.8281    0.8337    0.5506   0.02526  0.009124   0.01128
   127/199     14.9G   0.02022  0.009128  0.001447   0.03079       108      1024    0.8736    0.7996     0.835     0.552   0.02523  0.009109   0.01129
   128/199     14.9G    0.0203  0.009178  0.001347   0.03082        96      1024    0.8802    0.8013    0.8381    0.5552   0.02508  0.009055   0.01131
   129/199     14.9G   0.02034  0.009131   0.00136   0.03083        99      1024    0.8471    0.8331    0.8388    0.5551   0.02496  0.009085   0.01127
   130/199     14.9G   0.01987  0.009004  0.001321   0.03019       143      1024    0.8837    0.8131    0.8412    0.5582   0.02488  0.009109   0.01109
   131/199     14.9G   0.02012  0.009142  0.001374   0.03064       100      1024    0.8434    0.8351     0.837    0.5536   0.02484  0.009099   0.01104
   132/199     14.9G   0.01986  0.008861  0.001179    0.0299        99      1024    0.8441    0.8215    0.8326    0.5516   0.02478  0.009048   0.01119
   133/199     14.9G   0.01998  0.008807  0.001207   0.02999       122      1024    0.8774    0.7924    0.8297    0.5513    0.0248  0.009066   0.01142
   134/199     14.9G   0.01999  0.008922  0.001363   0.03028       110      1024    0.8814    0.7876    0.8264    0.5507   0.02486  0.009087   0.01168
   135/199     14.9G   0.01989  0.008856  0.001346   0.03009       111      1024     0.845    0.8047    0.8323    0.5527   0.02484  0.009086   0.01149
   136/199     14.9G   0.01951  0.008853  0.001254   0.02961       102      1024    0.8491    0.8096    0.8439    0.5613    0.0247   0.00905   0.01121
   137/199     14.9G   0.01951  0.008701  0.001242   0.02945        99      1024    0.8831    0.7813    0.8443    0.5596   0.02479  0.009102   0.01145
   138/199     14.9G    0.0194  0.008767  0.001338   0.02951       102      1024    0.8446    0.8143    0.8417    0.5581   0.02478  0.009051   0.01147
   139/199     14.9G   0.01966   0.00868  0.001414   0.02976       105      1024     0.879    0.8009    0.8373     0.554    0.0248  0.009045   0.01172
   140/199     14.9G    0.0194   0.00871  0.001252   0.02936       103      1024    0.8684    0.8039    0.8394    0.5557   0.02474  0.009067   0.01187
   141/199     14.9G   0.01929  0.008695  0.001235   0.02922       102      1024    0.8591    0.8073    0.8337    0.5547   0.02473  0.009056   0.01185
   142/199     14.9G   0.01926  0.008764  0.001219   0.02924        83      1024    0.8895     0.794    0.8356    0.5564   0.02477  0.009079   0.01206
   143/199     14.9G   0.01921  0.008767  0.001133   0.02911       119      1024    0.8601    0.8123    0.8366    0.5563   0.02475   0.00908   0.01197
   144/199     14.9G   0.01908  0.008747  0.001135   0.02896       123      1024    0.8378    0.8209    0.8365    0.5554   0.02466  0.009076   0.01218
   145/199     14.9G   0.01922  0.008795  0.001151   0.02917       123      1024    0.8548    0.8148    0.8346    0.5524    0.0247  0.009102   0.01252
   146/199     14.9G    0.0188  0.008536  0.001098   0.02843        82      1024    0.8432    0.8144    0.8344    0.5551   0.02472  0.009091   0.01221
   147/199     14.9G   0.01869   0.00845  0.001215   0.02835       122      1024    0.8215    0.8325    0.8364    0.5551    0.0247  0.009068   0.01208
   148/199     14.9G   0.01888  0.008621  0.001079   0.02858       121      1024     0.866    0.7946    0.8338    0.5531   0.02466   0.00903   0.01217
   149/199     14.9G   0.01864  0.008514  0.001122   0.02827       115      1024    0.8689    0.8047    0.8339    0.5558   0.02473  0.009038   0.01228
   150/199     14.9G   0.01841  0.008439  0.001036   0.02788       117      1024    0.8331    0.8338    0.8336    0.5544   0.02475  0.009078   0.01236
   151/199     14.9G   0.01845  0.008656  0.001187   0.02829       102      1024    0.8397    0.8261    0.8377    0.5555   0.02488  0.009098   0.01231
   152/199     14.9G   0.01861  0.008354  0.001125   0.02809        84      1024    0.8682    0.8008    0.8352    0.5543   0.02482  0.009099   0.01211
   153/199     14.9G   0.01854  0.008498  0.001164    0.0282       110      1024    0.8265    0.8302    0.8337    0.5525   0.02479  0.009088   0.01205
   154/199     14.9G   0.01846  0.008521  0.001039   0.02802       110      1024     0.821     0.832    0.8354    0.5555   0.02474   0.00909   0.01213
   155/199     14.9G   0.01847   0.00843  0.001011   0.02791        89      1024    0.8861    0.7823    0.8359    0.5568   0.02474  0.009083   0.01207
   156/199     14.9G   0.01834  0.008329  0.001036   0.02771        85      1024    0.8797    0.8015    0.8362    0.5558   0.02476  0.009049   0.01212
   157/199     14.9G    0.0184  0.008383  0.001033   0.02781        92      1024    0.8844    0.7949    0.8357    0.5549   0.02474  0.009052   0.01209
   158/199     14.9G   0.01794  0.008341   0.00099   0.02727       105      1024    0.8782     0.801    0.8395    0.5598   0.02475  0.009075   0.01197
   159/199     14.9G     0.018  0.008552 0.0009184   0.02747       117      1024    0.8894     0.793    0.8407    0.5602   0.02473  0.009097   0.01189
   160/199     14.9G    0.0182  0.008173 0.0009505   0.02732       122      1024    0.8894    0.7961    0.8429    0.5617   0.02473  0.009118   0.01193
   161/199     14.9G   0.01816  0.008197  0.001052   0.02741       104      1024     0.886    0.7983    0.8443    0.5637   0.02473  0.009125   0.01187
   162/199     14.9G   0.01815  0.008478  0.001014   0.02764       101      1024     0.885    0.7995     0.843    0.5639   0.02475  0.009115   0.01191
   163/199     14.9G   0.01804  0.008367 0.0009952    0.0274       131      1024    0.8787    0.8027    0.8404    0.5632   0.02472  0.009095   0.01198
   164/199     14.9G    0.0182  0.008388  0.001138   0.02773       121      1024    0.8781    0.8031    0.8458    0.5663   0.02474  0.009102   0.01194
   165/199     14.9G   0.01796    0.0084  0.001063   0.02743       111      1024    0.8806    0.8024    0.8454    0.5675   0.02476   0.00911   0.01195
   166/199     14.9G   0.01786  0.008287  0.001054    0.0272        97      1024    0.8789    0.8047    0.8468    0.5638   0.02472  0.009104   0.01205
   167/199     14.9G   0.01797  0.008279  0.001011   0.02726       120      1024    0.9151    0.7879    0.8478    0.5647   0.02471  0.009122   0.01215
   168/199     14.9G   0.01773  0.008247 0.0009726   0.02695        99      1024    0.8974    0.7975    0.8467    0.5639    0.0247  0.009144   0.01218
   169/199     14.9G   0.01791  0.008214 0.0009914   0.02712        95      1024    0.8931    0.8026     0.844     0.561   0.02468  0.009144   0.01227
   170/199     14.9G   0.01761  0.008088 0.0009474   0.02665       105      1024    0.8869    0.8073    0.8437    0.5602   0.02468  0.009157   0.01232
   171/199     14.9G   0.01757  0.008194 0.0009679   0.02673       112      1024    0.8606    0.8296    0.8452    0.5624   0.02463  0.009149   0.01228
   172/199     14.9G    0.0176  0.008148  0.001015   0.02677        84      1024    0.8836    0.8213    0.8437    0.5601    0.0246  0.009136   0.01225
   173/199     14.9G   0.01775  0.008211 0.0009918   0.02695       115      1024    0.8811    0.8257    0.8447    0.5615   0.02459  0.009137   0.01219
   174/199     14.9G    0.0176  0.008281  0.001019    0.0269       117      1024    0.8938    0.8153    0.8463    0.5622   0.02458  0.009137    0.0121
   175/199     14.9G   0.01763   0.00821 0.0009762   0.02681       111      1024    0.8876    0.8211    0.8449    0.5587    0.0246  0.009146   0.01205
   176/199     14.9G   0.01742  0.008044  0.000884   0.02635       130      1024    0.8903    0.8032    0.8433    0.5578   0.02459  0.009168   0.01205
   177/199     14.9G   0.01736  0.007938  0.000871   0.02617       104      1024     0.899     0.798    0.8433    0.5587   0.02462  0.009201   0.01198
   178/199     14.9G   0.01727  0.008073 0.0008058   0.02615        81      1024    0.8345    0.8389    0.8437    0.5585   0.02461  0.009229   0.01196
   179/199     14.9G   0.01712  0.007847 0.0008802   0.02585       111      1024    0.8819    0.8015    0.8421     0.556    0.0246   0.00925   0.01201
   180/199     14.9G   0.01729  0.008128 0.0009629   0.02638       117      1024    0.8825    0.8015    0.8373    0.5524   0.02459   0.00925   0.01212
   181/199     14.9G   0.01726  0.008019 0.0007755   0.02605       102      1024    0.8794    0.7984    0.8355    0.5519   0.02461  0.009258   0.01224
   182/199     14.9G   0.01746  0.007954 0.0008914    0.0263       109      1024    0.8697    0.8063    0.8361    0.5525   0.02463  0.009265   0.01225
   183/199     14.9G   0.01688  0.007939 0.0008471   0.02567       124      1024    0.8376    0.8362    0.8375     0.554   0.02463  0.009281   0.01229
   184/199     14.9G   0.01679  0.007878 0.0008147   0.02548        90      1024    0.8602    0.8216     0.837    0.5536   0.02461  0.009291   0.01235
   185/199     14.9G   0.01693  0.008021 0.0007933   0.02574        88      1024    0.8735     0.819    0.8377     0.553    0.0246  0.009298    0.0124
   186/199     14.9G   0.01719  0.008011 0.0008406   0.02605       113      1024    0.8763    0.8151    0.8373     0.553   0.02461  0.009308   0.01243
   187/199     14.9G   0.01723  0.008045 0.0008984   0.02617        98      1024    0.8805    0.8129    0.8365    0.5528   0.02461   0.00931   0.01243
   188/199     14.9G   0.01689  0.007829 0.0008735    0.0256        95      1024    0.8812    0.8129    0.8368    0.5528   0.02462  0.009326   0.01247
   189/199     14.9G   0.01703  0.007915 0.0008999   0.02584        94      1024    0.8882     0.807    0.8362    0.5524   0.02461  0.009333   0.01249
   190/199     14.9G   0.01662  0.007926 0.0008589   0.02541       103      1024    0.8822     0.813    0.8363     0.555   0.02462  0.009347    0.0125
   191/199     14.9G   0.01718  0.007939 0.0008871   0.02601       140      1024    0.8875    0.8101    0.8352    0.5548   0.02462  0.009364    0.0125
   192/199     14.9G   0.01669   0.00777 0.0008263   0.02529       115      1024    0.8881    0.8101    0.8348    0.5519   0.02461   0.00937   0.01249
   193/199     14.9G   0.01707  0.007859  0.000827   0.02575       126      1024    0.8872    0.8121    0.8342    0.5521    0.0246  0.009379   0.01246
   194/199     14.9G   0.01679  0.007935  0.000853   0.02558       109      1024    0.8888    0.8109     0.835    0.5541   0.02459  0.009382   0.01244
   195/199     14.9G   0.01693  0.007862 0.0008373   0.02563       117      1024     0.888    0.8089    0.8364    0.5548   0.02459  0.009382   0.01251
   196/199     14.9G   0.01661  0.007753 0.0007598   0.02512        98      1024     0.883    0.8133    0.8379    0.5557   0.02459  0.009382    0.0126
   197/199     14.9G   0.01677  0.007901 0.0008453   0.02552       104      1024    0.8803    0.8141     0.838    0.5548   0.02458  0.009382   0.01264
   198/199     14.9G   0.01671  0.007973 0.0008147    0.0255        90      1024    0.8808    0.8136    0.8383    0.5544   0.02459  0.009388   0.01269
   199/199     14.9G   0.01668   0.00774 0.0007959   0.02522       137      1024    0.8829    0.8105    0.8383    0.5546   0.02461  0.009388   0.01276
