     0/199     10.7G   0.09763   0.02911   0.04756    0.1743       110       800    0.4327    0.1329    0.0741   0.02096   0.06753    0.0199   0.04594
     1/199     10.6G   0.06382   0.02131   0.03988     0.125       114       800    0.4928    0.2496    0.1833   0.06109   0.05224   0.01497   0.03997
     2/199     10.6G   0.05699   0.01832   0.03433    0.1096       127       800    0.4188     0.414    0.2909    0.1077   0.05008   0.01317   0.03413
     3/199     10.6G   0.05515   0.01667   0.02931    0.1011       155       800    0.4542    0.3559    0.3016    0.1033   0.05298   0.01257   0.03013
     4/199     10.6G   0.05869   0.01627    0.0258    0.1008       113       800    0.5293    0.4765    0.4161    0.1582   0.04676   0.01213   0.02749
     5/199     10.6G   0.05472   0.01557    0.0237   0.09399       140       800    0.5629    0.5141     0.423    0.1677   0.04664   0.01146   0.02714
     6/199     10.6G   0.05213   0.01539   0.02137   0.08889       126       800    0.5945    0.4417    0.4086    0.1531   0.05202   0.01193   0.02517
     7/199     10.6G   0.05081   0.01576   0.02072    0.0873       162       800    0.6824    0.4636    0.4696    0.1962   0.04706   0.01316   0.02535
     8/199     10.6G   0.04867   0.01534   0.01875   0.08277       141       800     0.735    0.5344    0.5702      0.26   0.04421   0.01085   0.01851
     9/199     10.6G   0.04601   0.01452   0.01675   0.07728       133       800    0.7256    0.5315    0.5526    0.2575   0.04256   0.01157    0.0197
    10/199     10.6G   0.04403     0.014   0.01491   0.07295        94       800    0.8005    0.5793    0.6407    0.3137   0.03937   0.01019   0.01515
    11/199     10.6G   0.04325   0.01386    0.0141    0.0712       126       800    0.8037    0.5684    0.6264    0.3024   0.03927   0.01065   0.01672
    12/199     10.6G   0.04211    0.0135   0.01303   0.06864       103       800    0.7639    0.5685    0.6136    0.2954   0.03878   0.01063   0.01965
    13/199     10.6G   0.04163   0.01354    0.0126   0.06777        85       800    0.8339    0.6116    0.6565    0.3141   0.03833   0.01016   0.01423
    14/199     10.6G   0.04022   0.01287   0.01214   0.06523       138       800    0.7934     0.622    0.6671    0.3347     0.037  0.009978   0.01547
    15/199     10.6G    0.0396     0.013   0.01229   0.06489       155       800    0.8426    0.5926    0.6631    0.3241   0.03788   0.00992   0.01511
    16/199     10.6G   0.03953   0.01297   0.01101   0.06351       163       800     0.817    0.5871    0.6515    0.3346   0.03649    0.0102   0.01524
    17/199     10.6G   0.03861   0.01277   0.01052    0.0619       120       800     0.843    0.6049    0.6694    0.3491   0.03512  0.009758   0.01503
    18/199     10.6G   0.03763   0.01256  0.009885   0.06007       142       800    0.8187    0.6187    0.6794    0.3634   0.03487  0.009891   0.01472
    19/199     10.6G   0.03744   0.01229   0.01013   0.05987       124       800    0.8583    0.6159    0.6954    0.3701   0.03536    0.0093   0.01351
    20/199     10.6G   0.03742   0.01235  0.009985   0.05975       152       800    0.8657    0.6239    0.6894    0.3717   0.03505  0.009475   0.01287
    21/199     10.6G   0.03641    0.0122  0.008938   0.05755       112       800    0.8302    0.6374    0.6916    0.3619   0.03547  0.009514   0.01298
    22/199     10.6G   0.03644   0.01225  0.008785   0.05748       137       800    0.8803    0.6131    0.6978      0.37   0.03523  0.009233   0.01413
    23/199     10.6G    0.0365   0.01212   0.00793   0.05655       137       800    0.8447    0.6517    0.6972    0.3808    0.0338  0.009151   0.01402
    24/199     10.6G   0.03512   0.01199  0.007997   0.05511       114       800    0.8657    0.6428    0.7026    0.3891   0.03347  0.009052    0.0131
    25/199     10.6G   0.03516   0.01194  0.007857   0.05495       138       800    0.8703    0.6451    0.7075    0.3916   0.03343  0.009133   0.01201
    26/199     10.6G   0.03466   0.01194  0.007643   0.05425       108       800    0.8531    0.6419    0.7012    0.3869   0.03285  0.009035   0.01357
    27/199     10.6G   0.03441   0.01134  0.007156   0.05291       119       800    0.8433    0.6677    0.7201    0.3918   0.03292  0.008876   0.01348
    28/199     10.6G   0.03396   0.01148  0.007286   0.05272       127       800     0.859    0.6406    0.7035    0.3914   0.03235   0.00886   0.01354
    29/199     10.6G   0.03386   0.01148  0.007024   0.05237       168       800     0.849     0.639    0.6921    0.3848   0.03292  0.008988   0.01393
    30/199     10.6G   0.03373   0.01155  0.007158   0.05244       117       800    0.8381    0.6006    0.6767    0.3739   0.03373  0.009452   0.01474
    31/199     10.6G   0.03379   0.01172  0.007576   0.05309        94       800    0.8389    0.6528    0.7012    0.3944   0.03227  0.008996   0.01376
    32/199     10.6G   0.03393    0.0112  0.006796   0.05193        99       800    0.8797    0.6504    0.7099    0.4025   0.03359  0.008877   0.01312
    33/199     10.6G    0.0331   0.01123  0.005861   0.05019       137       800    0.8694    0.6599    0.7106    0.4036   0.03153   0.00865   0.01313
    34/199     10.6G    0.0322   0.01105  0.006009   0.04926       141       800    0.8401     0.658    0.7026    0.3982   0.03172  0.008749   0.01318
    35/199     10.6G   0.03197   0.01119  0.005998   0.04915       117       800    0.8614    0.6803    0.7262     0.412    0.0313  0.008718   0.01292
    36/199     10.6G    0.0322   0.01097  0.006092   0.04927       143       800    0.8715    0.6636     0.719    0.4149   0.03111  0.008683   0.01163
    37/199     10.6G   0.03232   0.01087  0.005828   0.04902       138       800    0.8657    0.6627    0.7102    0.3934   0.03182   0.00872   0.01264
    38/199     10.6G    0.0322   0.01123  0.006258   0.04969       111       800    0.8872    0.6555    0.7223    0.4142   0.03139  0.008591   0.01203
    39/199     10.6G   0.03165   0.01095  0.006008    0.0486       129       800     0.862    0.6705    0.7156    0.4128   0.03068  0.008666   0.01313
    40/199     10.6G   0.03192   0.01116  0.006369   0.04945       135       800    0.8621     0.659    0.7163    0.4043   0.03085  0.008674   0.01349
    41/199     10.6G   0.03166   0.01103  0.006011    0.0487       121       800    0.8761      0.67    0.7335    0.4241   0.03029  0.008612   0.01319
    42/199     10.6G   0.03142   0.01076  0.005683   0.04786       117       800    0.8715    0.6571    0.7277    0.4165   0.03084   0.00856   0.01323
    43/199     10.6G   0.03079   0.01094  0.005677    0.0474        99       800    0.8715    0.6645    0.7276    0.4101   0.03071  0.008624   0.01299
    44/199     10.6G   0.03083   0.01063  0.005201   0.04666       154       800     0.863    0.6756    0.7297    0.4268   0.03036   0.00846   0.01278
    45/199     10.6G   0.03052   0.01071  0.004936   0.04617       118       800    0.8327    0.7022    0.7513    0.4261    0.0308  0.008557   0.01202
    46/199     10.6G   0.03116   0.01092  0.005338   0.04742       121       800    0.8612    0.6452    0.7151    0.3975    0.0318  0.008921   0.01557
    47/199     10.6G   0.03123    0.0105  0.006091   0.04782       102       800    0.6959    0.6889    0.7432    0.4247    0.0305  0.008587    0.0129
    48/199     10.6G   0.03072   0.01081  0.005195   0.04672       149       800    0.8025    0.6888    0.7384     0.427   0.03012  0.008479   0.01309
    49/199     10.6G   0.03059   0.01058   0.00547   0.04663       129       800    0.7795    0.6774     0.751    0.4353   0.02979  0.008442   0.01302
    50/199     10.6G   0.02977   0.01064  0.004831   0.04525       128       800    0.7532    0.6998    0.7542     0.435   0.03038  0.008323   0.01153
    51/199     10.6G   0.02984   0.01049  0.004515   0.04485       147       800     0.752    0.7247    0.7535    0.4303   0.03025   0.00838   0.01295
    52/199     10.6G   0.02972   0.01055    0.0046   0.04486       127       800    0.8667    0.7045    0.7579    0.4481   0.02969  0.008298   0.01253
    53/199     10.6G   0.02921   0.01027  0.004491   0.04397       122       800    0.7604    0.7049    0.7506    0.4457   0.02935  0.008186   0.01213
    54/199     10.6G   0.02929   0.01034  0.004394   0.04403       137       800    0.8152    0.7359    0.7694    0.4461   0.02958  0.008251   0.01251
    55/199     10.6G   0.02901   0.01026  0.004422    0.0437       164       800    0.7466    0.6887    0.7395    0.4379   0.02959  0.008255   0.01403
    56/199     10.6G   0.02943   0.01046  0.004467   0.04436       120       800    0.7701    0.7311    0.7734    0.4421   0.02984  0.008363   0.01273
    57/199     10.6G   0.02914   0.01032    0.0045   0.04396       161       800    0.7833    0.7501    0.7745    0.4521   0.02887   0.00817   0.01267
    58/199     10.6G    0.0288   0.01021  0.003819   0.04284       128       800    0.8712    0.6961    0.7464    0.4444   0.02875  0.008327   0.01314
    59/199     10.6G   0.02884   0.01004  0.003857   0.04274       130       800    0.8912    0.6876    0.7615    0.4477   0.02892  0.008245   0.01255
    60/199     10.6G    0.0285   0.01001  0.003888   0.04239       167       800    0.8049    0.7569    0.7817    0.4514   0.02925  0.008279   0.01257
    61/199     10.6G   0.02865   0.01011  0.004314   0.04307       122       800    0.8215    0.7319    0.7737    0.4466   0.02913  0.008268   0.01333
    62/199     10.6G   0.02833  0.009969  0.004046   0.04235       114       800    0.7613    0.7445    0.7638    0.4537   0.02854  0.008163   0.01232
    63/199     10.6G   0.02808   0.01001  0.003882   0.04197       132       800    0.7366    0.7554    0.7528    0.4407   0.02895  0.008315   0.01291
    64/199     10.6G    0.0281   0.01016  0.003833   0.04209       105       800    0.7623    0.7736    0.7744    0.4584   0.02806  0.008121   0.01206
    65/199     10.6G   0.02791  0.009769  0.003628   0.04131       119       800    0.8062    0.7404    0.7631    0.4602   0.02841  0.008149   0.01304
    66/199     10.6G   0.02834  0.009948  0.003518   0.04181       122       800    0.7661    0.7555    0.7532    0.4474   0.02869  0.008074   0.01341
    67/199     10.6G   0.02772   0.00989   0.00341   0.04102       123       800    0.7754    0.7166    0.7628    0.4609   0.02816  0.008118   0.01251
    68/199     10.6G   0.02824   0.00972  0.003807   0.04177       115       800    0.7585    0.7485    0.7739    0.4669    0.0287   0.00799   0.01207
    69/199     10.6G   0.02762  0.009914  0.003679   0.04121       154       800    0.7645     0.726    0.7456    0.4526   0.02846  0.008233   0.01265
    70/199     10.6G   0.02773  0.009875  0.003602    0.0412       138       800    0.7577    0.7372    0.7581    0.4533   0.02878  0.008143   0.01342
    71/199     10.6G    0.0276  0.009742  0.003252    0.0406       139       800    0.8162    0.7229    0.7623    0.4629   0.02832  0.008179   0.01269
    72/199     10.6G   0.02766   0.00968  0.003198   0.04054        97       800     0.806     0.732    0.7681    0.4676   0.02827  0.008045   0.01313
    73/199     10.6G   0.02714  0.009765  0.003427   0.04033       131       800    0.7624    0.7618    0.7587    0.4588   0.02841  0.008039   0.01196
    74/199     10.6G   0.02723  0.009685  0.003259   0.04017       154       800    0.7756    0.7517    0.7582    0.4601   0.02862  0.008139    0.0124
    75/199     10.6G    0.0268  0.009525  0.003357   0.03969       131       800     0.775    0.7607    0.7676     0.467    0.0279  0.008125   0.01255
    76/199     10.6G   0.02683  0.009648  0.003274   0.03975       130       800    0.8548    0.7222    0.7858    0.4712   0.02828  0.008171   0.01211
    77/199     10.6G   0.02682  0.009577  0.003084   0.03948       135       800    0.8399    0.7226    0.7679    0.4683   0.02788  0.008058   0.01249
    78/199     10.6G   0.02616  0.009349  0.003052   0.03856       101       800    0.7758    0.7552    0.7627     0.465   0.02804  0.007921    0.0132
    79/199     10.6G   0.02649  0.009649  0.003035   0.03917       135       800    0.7707    0.7775    0.7789    0.4774   0.02753  0.008029    0.0129
    80/199     10.6G    0.0265  0.009637  0.003255    0.0394       133       800     0.758    0.7605    0.7555    0.4621   0.02783  0.008023   0.01266
    81/199     10.6G   0.02681  0.009673  0.003152   0.03964       127       800    0.7854     0.749    0.7756    0.4729    0.0279  0.008009   0.01286
    82/199     10.6G   0.02635   0.00941     0.003   0.03876       145       800    0.8268    0.7347    0.7808    0.4717   0.02786  0.008035   0.01331
    83/199     10.6G   0.02642  0.009392  0.003112   0.03893       133       800    0.8044    0.7508    0.7735    0.4752   0.02749  0.007878   0.01314
    84/199     10.6G     0.026  0.009376  0.002712   0.03809        88       800    0.7515    0.7551     0.756    0.4697   0.02758  0.007806   0.01305
    85/199     10.6G   0.02572  0.009172  0.003162   0.03805       126       800    0.7581    0.7592    0.7571    0.4592     0.028  0.007974   0.01282
    86/199     10.6G    0.0262  0.009524  0.002734   0.03846       140       800    0.8018    0.7157    0.7669    0.4728   0.02716  0.007861   0.01331
    87/199     10.6G   0.02579   0.00931  0.002898     0.038       105       800    0.8056    0.7312    0.7632    0.4702   0.02727  0.007822    0.0133
    88/199     10.6G   0.02575  0.009347  0.002771   0.03787       144       800    0.8197     0.735    0.7598    0.4672   0.02737   0.00793   0.01296
    89/199     10.6G   0.02524  0.009271  0.002411   0.03692       118       800     0.805    0.7504    0.7781    0.4759   0.02738  0.007779   0.01369
    90/199     10.6G   0.02549  0.009326  0.003071   0.03789       122       800    0.8249    0.7209    0.7724    0.4709   0.02734  0.007839   0.01349
    91/199     10.6G   0.02549  0.009273  0.002774   0.03753       147       800    0.8555    0.7274    0.7798    0.4774   0.02741  0.007854   0.01297
    92/199     10.6G   0.02525  0.009339  0.002743   0.03734       120       800    0.8149    0.7482    0.7745    0.4848   0.02702  0.007743   0.01315
    93/199     10.6G   0.02527  0.009316  0.002766   0.03735       137       800    0.7607    0.7844    0.7881    0.4878   0.02723  0.007765   0.01309
    94/199     10.6G   0.02543  0.009252  0.002688   0.03738       168       800    0.8097    0.7372    0.7754    0.4793   0.02702  0.007781   0.01299
    95/199     10.6G   0.02491  0.009196  0.002391   0.03649       123       800    0.7969    0.7632    0.7883    0.4845   0.02692  0.007796   0.01239
    96/199     10.6G   0.02507   0.00925  0.002507   0.03683       113       800    0.7893     0.789    0.7923    0.4849   0.02707  0.007779   0.01303
    97/199     10.6G   0.02502  0.009015  0.002296   0.03634       153       800    0.8206    0.7471     0.787    0.4851   0.02694  0.007787   0.01351
    98/199     10.6G   0.02462   0.00907  0.002315     0.036       131       800      0.84    0.7545    0.7913    0.4826   0.02708  0.007846   0.01324
    99/199     10.6G   0.02467  0.009039   0.00232   0.03602       112       800    0.8036    0.7574    0.7794    0.4777   0.02739  0.007865   0.01341
   100/199     10.6G   0.02481   0.00922  0.002604   0.03664       144       800    0.8397    0.7464    0.7913    0.4845   0.02699  0.007927    0.0128
   101/199     10.6G   0.02481  0.008973  0.002461   0.03625       127       800    0.8554     0.748    0.7896    0.4822   0.02719  0.007873   0.01373
   102/199     10.6G   0.02458  0.009149   0.00257    0.0363       186       800    0.8093     0.745    0.7906    0.4874   0.02667   0.00781   0.01378
   103/199     10.6G   0.02459   0.00898   0.00253    0.0361       117       800    0.8475    0.7562    0.7939    0.4896   0.02656  0.007827   0.01288
   104/199     10.6G   0.02444  0.009052  0.002209    0.0357       123       800    0.8693    0.7165     0.784    0.4878    0.0268  0.007894   0.01334
   105/199     10.6G   0.02381  0.008933   0.00218   0.03493       120       800    0.8144    0.7599    0.7753    0.4806   0.02698  0.007791   0.01347
   106/199     10.6G   0.02455  0.009139   0.00291    0.0366       144       800     0.805    0.7531    0.7778     0.481   0.02665  0.007758   0.01359
   107/199     10.6G   0.02413  0.008979  0.002413   0.03552       119       800    0.8164    0.7499    0.7753    0.4829   0.02621  0.007706   0.01339
   108/199     10.6G   0.02413  0.008975  0.002421   0.03553       151       800    0.8235    0.7559      0.77    0.4793   0.02654  0.007762   0.01382
   109/199     10.6G   0.02404  0.009054  0.002627   0.03572       104       800      0.78    0.7571     0.776    0.4817   0.02659  0.007743   0.01429
   110/199     10.6G   0.02393  0.008813  0.002133   0.03488       129       800     0.784    0.7588    0.7761    0.4865    0.0265  0.007739   0.01358
   111/199     10.6G   0.02364  0.008848  0.002282   0.03477       151       800    0.7974    0.7523    0.7672    0.4827   0.02666  0.007845   0.01359
   112/199     10.6G   0.02396  0.008667  0.002094   0.03472       109       800    0.7917    0.7478    0.7727    0.4882   0.02643  0.007825    0.0134
   113/199     10.6G   0.02355  0.008546  0.002069   0.03417        97       800    0.8026    0.7392    0.7693    0.4846   0.02644  0.007835   0.01381
   114/199     10.6G   0.02344   0.00871  0.001891   0.03405       157       800    0.7977    0.7569    0.7767     0.485   0.02639  0.007874   0.01403
   115/199     10.6G   0.02359  0.008733  0.001955   0.03427       158       800    0.8131     0.715    0.7727    0.4864    0.0263  0.007758   0.01409
   116/199     10.6G   0.02291  0.008598  0.001945   0.03345       156       800    0.7978    0.7399    0.7798    0.4851    0.0263  0.007731   0.01355
   117/199     10.6G   0.02344  0.008618  0.001987   0.03405       147       800    0.7726    0.7676    0.7759    0.4861   0.02658  0.007784   0.01365
   118/199     10.6G   0.02335  0.008777  0.002026   0.03415       161       800    0.8006    0.7601    0.7864    0.4953   0.02623  0.007732   0.01345
   119/199     10.6G   0.02315  0.008781  0.002154   0.03409       137       800    0.8173    0.7524    0.7861     0.493   0.02612   0.00769   0.01345
   120/199     10.6G   0.02297  0.008676  0.001974   0.03362       107       800    0.7984    0.7555    0.7757    0.4832   0.02649  0.007774   0.01348
   121/199     10.6G    0.0229   0.00852  0.002138   0.03356       132       800    0.8038    0.7426    0.7792    0.4841   0.02638  0.007764   0.01303
   122/199     10.6G   0.02301  0.008789   0.00238   0.03418       142       800    0.7924    0.7618    0.7692      0.48   0.02661  0.007759   0.01285
   123/199     10.6G   0.02301  0.008564  0.001896   0.03347       123       800    0.8161    0.7491    0.7713    0.4847   0.02632  0.007739   0.01354
   124/199     10.6G   0.02272   0.00839  0.001787    0.0329       113       800     0.837    0.7458    0.7751    0.4873   0.02627  0.007692   0.01398
   125/199     10.6G   0.02252  0.008621  0.001768    0.0329       158       800     0.793    0.7587    0.7702    0.4864   0.02633  0.007663   0.01436
   126/199     10.6G   0.02265  0.008383  0.001982   0.03301       111       800     0.823    0.7309    0.7782    0.4918   0.02622  0.007664   0.01463
   127/199     10.6G   0.02239   0.00843  0.001661   0.03249       148       800    0.7956    0.7587    0.7815    0.4954   0.02619  0.007678   0.01471
   128/199     10.6G   0.02203  0.008249  0.001729   0.03201       145       800    0.7957    0.7671    0.7779    0.4912   0.02611  0.007675   0.01487
   129/199     10.6G   0.02229  0.008456  0.001707   0.03245       132       800    0.7495    0.8042    0.7716    0.4904   0.02619   0.00767   0.01519
   130/199     10.6G   0.02188  0.008261  0.001655   0.03179       138       800    0.7853    0.7679    0.7702    0.4887   0.02621  0.007714     0.015
   131/199     10.6G   0.02185  0.008284  0.001495   0.03163       128       800    0.7975    0.7582     0.771    0.4876   0.02631  0.007783   0.01485
   132/199     10.6G   0.02187  0.008194  0.001606   0.03167       100       800    0.8121    0.7455    0.7714     0.486   0.02618  0.007774   0.01464
   133/199     10.6G   0.02206  0.008294  0.001861   0.03221       104       800    0.8054    0.7404    0.7596    0.4791   0.02607  0.007769   0.01487
   134/199     10.6G   0.02183  0.008247  0.001681   0.03176       100       800    0.7766    0.7778     0.766    0.4782   0.02616  0.007758   0.01494
   135/199     10.6G   0.02152  0.008147  0.001518   0.03119       138       800    0.8013    0.7545    0.7641    0.4794   0.02601  0.007765   0.01487
   136/199     10.6G   0.02129  0.008156  0.001597   0.03104       145       800    0.7902    0.7687    0.7678    0.4844   0.02596  0.007797    0.0149
   137/199     10.6G   0.02128  0.008036   0.00158    0.0309        99       800     0.803     0.766    0.7718    0.4866   0.02592  0.007804   0.01506
   138/199     10.6G   0.02143    0.0081  0.001534   0.03107       141       800    0.7936    0.7746     0.774    0.4878   0.02601  0.007787   0.01475
   139/199     10.6G   0.02155  0.008078  0.001655   0.03128       134       800    0.8021    0.7598     0.777    0.4898   0.02589  0.007748   0.01472
   140/199     10.6G   0.02109  0.008166  0.001497   0.03076       108       800    0.7457    0.8168     0.778    0.4911   0.02586  0.007746    0.0146
   141/199     10.6G   0.02114  0.008208  0.001394   0.03074       159       800    0.7539    0.8045    0.7771    0.4907   0.02579  0.007731   0.01446
   142/199     10.6G   0.02118  0.008124  0.001475   0.03078       134       800    0.7863    0.7841     0.786    0.4939    0.0259  0.007768   0.01416
   143/199     10.6G   0.02128  0.008196  0.001519     0.031       140       800    0.7684     0.792     0.785    0.4928   0.02606  0.007826   0.01425
   144/199     10.6G   0.02105  0.008019  0.001526   0.03059       125       800    0.8315    0.7393    0.7849    0.4925     0.026  0.007822   0.01443
   145/199     10.6G   0.02117  0.008208  0.001606   0.03099       100       800    0.7414    0.8288     0.785    0.4909   0.02595  0.007797   0.01452
   146/199     10.6G   0.02122  0.008022   0.00164   0.03088       132       800    0.7543    0.8227    0.7887    0.4934   0.02601   0.00783   0.01473
   147/199     10.6G   0.02111   0.00794  0.001684   0.03073       116       800    0.7421    0.8307    0.7848    0.4944     0.026  0.007843   0.01472
   148/199     10.6G     0.021  0.008294  0.001842   0.03114       167       800    0.7585    0.8263    0.7873    0.4954   0.02593  0.007802   0.01455
   149/199     10.6G   0.02056  0.007897  0.001619   0.03008       151       800    0.7659    0.8188    0.7881    0.4961   0.02592  0.007808   0.01431
   150/199     10.6G   0.02048  0.007999   0.00148   0.02996       140       800     0.759     0.825    0.7871     0.497    0.0258  0.007796   0.01446
   151/199     10.6G   0.02093   0.00809  0.001472   0.03049       159       800    0.8137    0.7586     0.784    0.4953   0.02582  0.007795   0.01462
   152/199     10.6G   0.02053  0.007823  0.001269   0.02962       114       800    0.7448    0.8292    0.7825    0.4945   0.02599  0.007847   0.01467
   153/199     10.6G   0.02066  0.007867  0.001417   0.02995       140       800    0.7826    0.7866    0.7878    0.4995   0.02597  0.007852   0.01472
   154/199     10.6G   0.02061  0.008065  0.001433   0.03011       166       800    0.7808    0.7846    0.7865    0.4972   0.02603  0.007897    0.0147
   155/199     10.6G   0.02023  0.008052  0.001357   0.02963       150       800    0.7959    0.7675    0.7848    0.4969   0.02601  0.007913   0.01474
   156/199     10.6G   0.02028  0.007834  0.001311   0.02942       121       800    0.7428    0.8316    0.7898    0.4965   0.02603   0.00793    0.0148
   157/199     10.6G   0.02009    0.0079  0.001291   0.02928       123       800    0.8047    0.7683    0.7869     0.495   0.02601  0.007949   0.01489
   158/199     10.6G   0.01993  0.007848  0.001366   0.02914       111       800    0.8045    0.7716    0.7861    0.4939   0.02603  0.007942   0.01484
   159/199     10.6G   0.01959  0.007859  0.001197   0.02865       143       800    0.7945    0.7725    0.7807     0.491   0.02596  0.007929   0.01482
   160/199     10.6G   0.01982   0.00768  0.001428   0.02893       111       800    0.7926    0.7751    0.7822    0.4896   0.02598  0.007926   0.01468
   161/199     10.6G   0.01995  0.007701  0.001263   0.02892       129       800     0.784    0.7763    0.7831    0.4933   0.02601  0.007918   0.01455
   162/199     10.6G    0.0199  0.007699  0.001318   0.02891       174       800    0.7901    0.7776    0.7814    0.4939   0.02596  0.007911   0.01464
   163/199     10.6G   0.01986  0.007865  0.001301   0.02902       122       800    0.7872    0.7738    0.7793    0.4916   0.02599  0.007917   0.01469
   164/199     10.6G   0.01981  0.007714  0.001085   0.02861       140       800    0.7843    0.7751    0.7776    0.4925   0.02596  0.007912   0.01477
   165/199     10.6G   0.01991   0.00775  0.001263   0.02892       134       800    0.7929    0.7737    0.7803    0.4948   0.02599  0.007931   0.01477
   166/199     10.6G   0.01959  0.007699  0.001269   0.02856       114       800    0.7715    0.7804    0.7784    0.4917   0.02601  0.007924   0.01483
   167/199     10.6G   0.01955  0.007771  0.001258   0.02858       148       800    0.7704    0.7794    0.7801    0.4941   0.02596  0.007927   0.01487
   168/199     10.6G   0.01956  0.007644  0.001191   0.02839       127       800    0.7634    0.7826    0.7821    0.4948   0.02593  0.007939   0.01489
   169/199     10.6G    0.0198  0.007602   0.00119   0.02859       168       800    0.7574    0.7866    0.7841    0.4954   0.02597  0.007952   0.01489
   170/199     10.6G   0.01954  0.007634  0.001338   0.02851       127       800    0.7569    0.7883    0.7844     0.495   0.02595  0.007956   0.01485
   171/199     10.6G   0.01938  0.007614  0.001148   0.02814       135       800    0.7934    0.7461    0.7855    0.4944   0.02595  0.007949   0.01481
   172/199     10.6G   0.01906  0.007535  0.001261   0.02786       157       800    0.7501    0.7986    0.7858    0.4953    0.0259  0.007941   0.01477
   173/199     10.6G   0.01889    0.0077  0.001109    0.0277       151       800    0.7439    0.7996    0.7841    0.4942    0.0259  0.007941   0.01479
   174/199     10.6G   0.01925  0.007565  0.001124   0.02794       132       800    0.7619    0.7748    0.7831    0.4974   0.02588  0.007932   0.01474
   175/199     10.6G   0.01917  0.007615  0.001089   0.02787       110       800     0.793    0.7495    0.7862    0.4982   0.02582   0.00791   0.01477
   176/199     10.6G   0.01909  0.007567  0.001228   0.02788       136       800    0.7414    0.8061    0.7829    0.4965   0.02585  0.007927   0.01474
   177/199     10.6G   0.01933  0.007453  0.001162   0.02794       173       800    0.7592     0.793      0.78     0.496   0.02585  0.007923    0.0147
   178/199     10.6G   0.01899  0.007555  0.001128   0.02768       138       800    0.7453    0.8052    0.7823    0.4986   0.02586  0.007935   0.01473
   179/199     10.6G   0.01892  0.007469   0.00104   0.02743       101       800    0.7402     0.817    0.7812    0.4976   0.02584  0.007933   0.01471
   180/199     10.6G   0.01899  0.007538  0.001124   0.02765       127       800    0.7283    0.8189    0.7804    0.4975   0.02584  0.007944   0.01477
   181/199     10.6G    0.0191  0.007578  0.001055   0.02773       136       800     0.742    0.8067    0.7826    0.4993   0.02584  0.007952   0.01479
   182/199     10.6G   0.01896  0.007399   0.00109   0.02745       163       800    0.7486    0.8057    0.7799    0.4979    0.0258  0.007955   0.01481
   183/199     10.6G   0.01896  0.007584  0.001105   0.02765       138       800     0.743    0.8058    0.7796    0.4986   0.02573  0.007949   0.01484
   184/199     10.6G   0.01883   0.00727  0.001072   0.02717       107       800    0.7383    0.8102    0.7803    0.4974   0.02573   0.00795   0.01483
   185/199     10.6G   0.01873  0.007623  0.001138   0.02749       131       800    0.7389    0.8086    0.7804    0.4981   0.02576  0.007958   0.01491
   186/199     10.6G   0.01885  0.007541  0.001122   0.02751       132       800    0.7366    0.8091     0.781    0.5004   0.02576  0.007957   0.01501
   187/199     10.6G   0.01882  0.007416   0.00113   0.02737       103       800    0.7326     0.813     0.782    0.5012   0.02581  0.007969   0.01504
   188/199     10.6G   0.01861  0.007364  0.001094   0.02707       142       800    0.7428    0.8059    0.7829    0.5003   0.02581  0.007971   0.01511
   189/199     10.6G   0.01873  0.007435  0.001232    0.0274       132       800    0.7445    0.7993    0.7827    0.5001   0.02579  0.007971   0.01513
   190/199     10.6G   0.01882  0.007434   0.00121   0.02746       144       800    0.7432    0.8005    0.7824    0.5001   0.02581  0.007966   0.01519
   191/199     10.6G   0.01902  0.007559  0.001388   0.02797       145       800    0.7558    0.7889    0.7817    0.4995   0.02581  0.007971    0.0152
   192/199     10.6G   0.01857  0.007316  0.001238   0.02713       136       800    0.7627    0.7816    0.7849    0.5018   0.02582  0.007971   0.01517
   193/199     10.6G    0.0189  0.007463  0.001133   0.02749       124       800    0.7622    0.7811    0.7841    0.5011   0.02584  0.007976   0.01518
   194/199     10.6G   0.01841  0.007405   0.00111   0.02693       160       800    0.7663    0.7776    0.7839    0.5005   0.02584  0.007973   0.01522
   195/199     10.6G   0.01835  0.007373  0.001049   0.02677       118       800    0.7659    0.7774    0.7831    0.5005   0.02586   0.00798   0.01526
   196/199     10.6G   0.01867  0.007392   0.00105   0.02711       131       800    0.7673    0.7732    0.7815    0.4985   0.02588  0.007979   0.01531
   197/199     10.6G   0.01868  0.007449   0.00109   0.02722       138       800    0.7693     0.774    0.7826    0.4987   0.02587  0.007976   0.01532
   198/199     10.6G   0.01864  0.007448  0.001256   0.02734       108       800    0.7831    0.7618     0.784    0.5023   0.02586  0.007977   0.01534
   199/199     10.6G   0.01841  0.007266  0.001062   0.02674       128       800    0.7658    0.7725    0.7837    0.5007   0.02584  0.007977   0.01535
