      0/99     8.11G    0.0716   0.02197   0.03941     0.133        35       800    0.5667     0.173   0.06219    0.0159   0.08095   0.02687     0.159
      1/99     8.55G   0.06968   0.02189   0.03787    0.1294        53       800    0.3427    0.2701    0.1282   0.03578   0.07129   0.02052   0.03851
      2/99     8.55G   0.06648   0.02066   0.03623    0.1234        56       800    0.3018    0.3491     0.151   0.04047   0.07177   0.01651   0.04134
      3/99     8.55G   0.06542   0.02042   0.03521     0.121        54       800     0.476    0.2019    0.1124   0.03088   0.09259    0.0164    0.2235
      4/99     8.55G   0.06405   0.02051   0.03432    0.1189        38       800    0.3434    0.4033    0.2002   0.05821   0.06554   0.01631   0.03782
      5/99     8.55G    0.0621   0.01974   0.03307    0.1149        63       800     0.395    0.4126    0.2555   0.08078   0.05794   0.01459   0.03444
      6/99     8.55G   0.06044   0.01962   0.03226    0.1123        57       800    0.4186    0.4185    0.2828   0.09715   0.05532   0.01502   0.03459
      7/99     8.55G   0.05872   0.01932   0.03184    0.1099        51       800    0.4076    0.4098    0.2767   0.09347   0.05744   0.01632   0.03443
      8/99     8.55G   0.05756   0.01921    0.0302     0.107        50       800    0.4658    0.3777    0.2935    0.1035   0.05667   0.01411   0.03544
      9/99     8.55G   0.05901   0.01919    0.0316    0.1098        64       800    0.2631    0.3775    0.2421   0.07487   0.05769   0.01599    0.0363
     10/99     8.55G   0.05755   0.01884      0.03    0.1064        64       800    0.4269    0.4346    0.3003    0.1094   0.05571   0.01587   0.03276
     11/99     8.55G   0.05736   0.01876   0.02976    0.1059        52       800     0.429    0.3774    0.2645   0.09846   0.05444   0.01514   0.03257
     12/99     8.55G   0.05546   0.01883   0.02903    0.1033        54       800    0.4558    0.4141    0.3074    0.1096   0.05398   0.01486   0.03214
     13/99     8.55G   0.05582   0.01828   0.02851    0.1026        70       800    0.3154    0.3619    0.2776    0.1031    0.0547   0.01431   0.03462
     14/99     8.55G   0.05544   0.01855   0.02849    0.1025        42       800    0.4612    0.4127    0.2796    0.1003   0.05827   0.02231   0.03518
     15/99     8.55G   0.05571    0.0187   0.02894    0.1034        71       800    0.4981    0.4073     0.349    0.1282   0.05417    0.0136   0.02864
     16/99     8.55G   0.05561   0.01854   0.02776    0.1019        63       800     0.454    0.4532    0.3587    0.1294   0.05327   0.01636   0.02846
     17/99     8.55G    0.0549   0.01887   0.02801    0.1018        49       800    0.4658    0.4415    0.3558    0.1428   0.05224   0.01424    0.0292
     18/99     8.55G   0.05493   0.01822   0.02741    0.1006        52       800    0.5618      0.43    0.3874    0.1519   0.05067   0.01444   0.02877
     19/99     8.55G   0.05414   0.01829   0.02724   0.09967        53       800    0.5276      0.45    0.3918    0.1457   0.05217   0.01394   0.02907
     20/99     8.55G    0.0538   0.01844   0.02665   0.09889        75       800    0.6213    0.4211    0.4059    0.1663   0.04892   0.01374   0.02716
     21/99     8.55G   0.05358   0.01831   0.02715   0.09904        51       800    0.5505    0.3883    0.3567    0.1345   0.05138   0.01521   0.03069
     22/99     8.55G   0.05308   0.01788   0.02565   0.09661        53       800    0.5626    0.4724    0.4356    0.1773   0.04807   0.01315   0.02631
     23/99     8.55G   0.05258   0.01796   0.02584   0.09638        51       800    0.6143    0.4269    0.4309    0.1827    0.0491   0.01318   0.02606
     24/99     8.55G   0.05166   0.01781   0.02546   0.09492        39       800    0.5897    0.4372    0.4327     0.174    0.0486   0.01347   0.02615
     25/99     8.55G   0.05346   0.01867   0.02614   0.09828        60       800    0.5285    0.4621    0.3917    0.1493   0.05113   0.01562    0.0258
     26/99     8.55G   0.05324   0.01797   0.02584   0.09704        82       800    0.5849    0.4202    0.3998    0.1533   0.05021   0.01451   0.02653
     27/99     8.55G   0.05277   0.01791   0.02441   0.09509        57       800    0.6032    0.4637    0.4433    0.1926   0.04835   0.01362   0.02511
     28/99     8.55G    0.0505   0.01738   0.02398   0.09186        59       800    0.6423    0.4584    0.4483    0.1903   0.04673   0.01565   0.02409
     29/99     8.55G   0.05173    0.0176   0.02431   0.09364        52       800    0.5326    0.4684     0.392     0.163   0.05269    0.0225   0.02613
     30/99     8.55G   0.05068   0.01744   0.02336   0.09147        55       800    0.6481    0.3982    0.4312    0.1813   0.04849   0.01331   0.02583
     31/99     8.55G   0.05186    0.0179   0.02397   0.09373        57       800    0.6509    0.4452    0.4621    0.1935   0.04672   0.01308   0.02421
     32/99     8.55G   0.05073    0.0179   0.02339   0.09203        69       800    0.6273    0.4246    0.4419    0.1821   0.04843   0.01378   0.03018
     33/99     8.55G   0.05082   0.01766   0.02336   0.09184        48       800    0.6978    0.4423    0.4832    0.2046   0.05369   0.01452   0.02374
     34/99     8.55G   0.04981   0.01721   0.02174   0.08877        85       800    0.6941    0.4521    0.4657    0.2019   0.04551   0.01303   0.02389
     35/99     8.55G   0.05006   0.01734   0.02249   0.08989        66       800    0.7035    0.4578    0.5046    0.2234   0.04564   0.01388   0.02234
     36/99     8.55G   0.04824   0.01726   0.02144   0.08695        42       800    0.6715     0.475    0.5026    0.2175   0.04671   0.01412    0.0235
     37/99     8.55G   0.04959   0.01715   0.02234   0.08908        39       800    0.6725     0.471    0.4887    0.2084   0.04733   0.01306   0.02216
     38/99     8.55G   0.04967   0.01743   0.02264   0.08974        49       800    0.6754    0.4617     0.488    0.2116   0.04668   0.01377   0.02206
     39/99     8.55G   0.04914   0.01671   0.02098   0.08683        37       800    0.6901    0.4858    0.5013    0.2168   0.04592   0.01319   0.02076
     40/99     8.55G   0.04841   0.01708   0.02126   0.08675        83       800    0.7254       0.5    0.5323    0.2288   0.04467   0.01288   0.02233
     41/99     8.55G   0.04752   0.01672    0.0201   0.08434        51       800    0.7124    0.4734    0.5169    0.2283   0.04516   0.01262   0.02107
     42/99     8.55G   0.04766   0.01663   0.02122   0.08551        58       800     0.719    0.4903    0.5378    0.2426   0.04631    0.0144   0.02092
     43/99     8.55G   0.04781   0.01627   0.02008   0.08416        54       800    0.7339    0.5274    0.5664    0.2551   0.04372   0.01205    0.0199
     44/99     8.55G   0.04847    0.0171    0.0218   0.08737        72       800    0.6861    0.5081    0.5168    0.2275   0.04396   0.01319   0.01987
     45/99     8.55G   0.04646   0.01643    0.0198    0.0827        40       800    0.7311    0.4777    0.5349    0.2453   0.04392   0.01327   0.02072
     46/99     8.55G   0.04666   0.01626   0.01958    0.0825        59       800    0.7398    0.4693    0.5381    0.2358   0.04277   0.01195   0.02286
     47/99     8.55G   0.04546   0.01634   0.01895   0.08075        50       800    0.7009    0.5384    0.5607    0.2628   0.04222   0.01199   0.02078
     48/99     8.55G   0.04574   0.01643   0.01937   0.08154        54       800    0.7518     0.507    0.5466    0.2403   0.04363   0.01252   0.02124
     49/99     8.55G   0.04621   0.01654   0.02008   0.08283        38       800    0.7494     0.478    0.5522    0.2569   0.04373   0.01376   0.01948
     50/99     8.55G   0.04566    0.0164    0.0183   0.08036        41       800    0.7374    0.5299    0.5789    0.2835   0.04007   0.01192   0.01949
     51/99     8.55G   0.04624   0.01623     0.019   0.08147        47       800    0.7832     0.491    0.5697    0.2631   0.04177   0.01177   0.01905
     52/99     8.55G   0.04517   0.01613   0.01727   0.07856        79       800    0.8089    0.5138    0.5831    0.2826   0.04047   0.01218   0.01752
     53/99     8.55G   0.04498   0.01613   0.01914   0.08024        55       800    0.7353    0.5456    0.5862    0.2727   0.04122   0.01175   0.01985
     54/99     8.55G   0.04534   0.01604   0.01846   0.07984        56       800    0.7757    0.5112     0.569    0.2672   0.04214   0.01248   0.01829
     55/99     8.55G   0.04491   0.01633   0.01826    0.0795        45       800    0.7896    0.5203    0.5909    0.2873   0.04021   0.01178   0.01889
     56/99     8.55G   0.04466   0.01555   0.01807   0.07828        63       800    0.7806    0.5488    0.5969    0.2877   0.03986   0.01158   0.01695
     57/99     8.55G   0.04398   0.01558   0.01744   0.07699        36       800    0.7245    0.5718    0.5891    0.2779   0.04043   0.01183   0.01763
     58/99     8.55G   0.04486   0.01586   0.01791   0.07864        61       800    0.7964    0.5531    0.6092    0.3022   0.03915   0.01132   0.01697
     59/99     8.55G   0.04423   0.01548   0.01702   0.07673        57       800    0.7931    0.5565    0.6101    0.2949   0.03975   0.01165   0.01681
     60/99     8.55G   0.04356   0.01577   0.01584   0.07517        44       800    0.7962    0.5612    0.6149    0.3019   0.03929   0.01153   0.01703
     61/99     8.55G   0.04373   0.01551   0.01638   0.07563        55       800    0.7768     0.569    0.6149    0.2945   0.04009   0.01114   0.01691
     62/99     8.55G   0.04335   0.01559   0.01604   0.07498        68       800     0.783     0.553    0.6125    0.2972   0.04037    0.0117   0.01623
     63/99     8.55G   0.04211   0.01532   0.01619   0.07362        42       800    0.8119    0.5318    0.6045    0.3015   0.03881   0.01166   0.01712
     64/99     8.55G   0.04232   0.01514   0.01562   0.07309        64       800    0.8047    0.5666    0.6176     0.315   0.03775   0.01155    0.0159
     65/99     8.55G   0.04195   0.01523   0.01546   0.07264        57       800    0.7641    0.5539    0.6088    0.3047   0.03859   0.01163   0.01648
     66/99     8.55G   0.04213   0.01516   0.01563   0.07293        76       800    0.8339    0.5617    0.6293     0.313    0.0383   0.01122   0.01623
     67/99     8.55G   0.04198   0.01525   0.01627    0.0735        66       800    0.8132    0.5474    0.6189    0.3041   0.03856    0.0118   0.01696
     68/99     8.55G   0.04222    0.0151   0.01536   0.07268        57       800    0.8062     0.567    0.6251    0.3172   0.03798   0.01094     0.016
     69/99     8.55G   0.04133   0.01487   0.01462   0.07081        45       800    0.7979    0.5763    0.6346    0.3296   0.03715   0.01075   0.01552
     70/99     8.55G   0.04166   0.01502   0.01475   0.07143        52       800    0.7746    0.6062    0.6384    0.3231   0.03765    0.0112   0.01481
     71/99     8.55G   0.04078   0.01479   0.01411   0.06968        56       800    0.7957    0.5502    0.6215    0.3142   0.03781   0.01175   0.01595
     72/99     8.55G    0.0405   0.01473   0.01406   0.06929        53       800    0.8202     0.573    0.6363    0.3276   0.03732    0.0108   0.01488
     73/99     8.55G   0.04047   0.01473   0.01378   0.06898        61       800    0.8304    0.5585    0.6333     0.335   0.03687   0.01106   0.01466
     74/99     8.55G   0.04012   0.01468   0.01404   0.06884        70       800    0.8094    0.5564    0.6325    0.3278     0.037   0.01198   0.01493
     75/99     8.55G   0.04015   0.01465   0.01408   0.06887        59       800    0.8334    0.5859    0.6446    0.3337   0.03611   0.01088   0.01455
     76/99     8.55G   0.04051   0.01497   0.01433    0.0698        81       800    0.8259    0.5459    0.6361    0.3352   0.03742   0.01136   0.01499
     77/99     8.55G   0.04041   0.01454   0.01372   0.06867        59       800    0.8195    0.5724    0.6363    0.3312   0.03655   0.01131   0.01494
     78/99     8.55G   0.03986   0.01445   0.01304   0.06735        68       800     0.806    0.5624     0.639    0.3343   0.03617   0.01146   0.01569
     79/99     8.55G   0.03861   0.01436   0.01305   0.06603        61       800    0.7784    0.6219    0.6645    0.3494   0.03528   0.01054   0.01422
     80/99     8.55G   0.03863   0.01394   0.01262   0.06519        63       800    0.8317    0.5976    0.6524    0.3434   0.03572   0.01057   0.01436
     81/99     8.55G   0.03841   0.01426    0.0121   0.06477        57       800    0.8356    0.5942    0.6596    0.3516   0.03496   0.01028   0.01407
     82/99     8.55G   0.03794   0.01389   0.01202   0.06384        59       800    0.8239    0.6176      0.66    0.3514   0.03486   0.01024   0.01444
     83/99     8.55G   0.03837    0.0141   0.01211   0.06458        72       800    0.8518    0.5904    0.6666     0.357    0.0349    0.0103   0.01381
     84/99     8.55G   0.03823   0.01427   0.01228   0.06478        72       800     0.824    0.6017    0.6616    0.3596     0.035   0.01044    0.0145
     85/99     8.55G   0.03823   0.01386   0.01223   0.06433        59       800    0.8152    0.5978    0.6607    0.3531   0.03492   0.01092    0.0142
     86/99     8.55G   0.03785   0.01397   0.01188    0.0637        54       800     0.808    0.6039    0.6648    0.3567   0.03438   0.01066   0.01464
     87/99     8.55G   0.03744   0.01372   0.01119   0.06234        66       800    0.8312    0.6026    0.6701    0.3649   0.03474   0.01035   0.01362
     88/99     8.55G    0.0383   0.01454    0.0135   0.06634        54       800    0.7991    0.6107      0.66    0.3542   0.03518   0.01025   0.01384
     89/99     8.55G   0.03714   0.01398   0.01166   0.06279        26       800     0.805    0.6212    0.6613    0.3544   0.03508   0.01033   0.01368
     90/99     8.55G   0.03721   0.01367   0.01138   0.06226        36       800    0.8033    0.6075    0.6562    0.3596   0.03469   0.01057   0.01364
     91/99     8.55G   0.03705   0.01385   0.01171   0.06261        56       800    0.8374    0.6034    0.6634    0.3635   0.03426   0.01018   0.01344
     92/99     8.55G   0.03717   0.01386   0.01082   0.06186        47       800    0.8502    0.5917    0.6656    0.3636   0.03426   0.01042   0.01361
     93/99     8.55G   0.03717   0.01358    0.0111   0.06186        64       800    0.8206    0.6209    0.6733    0.3698   0.03437  0.009998   0.01413
     94/99     8.55G   0.03706   0.01381   0.01053    0.0614        56       800    0.8494    0.5984    0.6785    0.3715   0.03386   0.01022   0.01324
     95/99     8.55G   0.03671   0.01336   0.01146   0.06153        57       800    0.8485     0.596    0.6781    0.3699   0.03414    0.0101   0.01336
     96/99     8.55G   0.03732   0.01373   0.01086   0.06191        66       800    0.8575    0.6133    0.6795    0.3647   0.03417  0.009987   0.01316
     97/99     8.55G   0.03709   0.01363   0.01073   0.06146        63       800    0.8397     0.614    0.6774    0.3696     0.034   0.01017   0.01345
     98/99     8.55G    0.0357   0.01333   0.01054   0.05957        50       800     0.826    0.6184    0.6832    0.3706    0.0339   0.01026   0.01311
     99/99     8.55G   0.03601   0.01349   0.01064   0.06013        60       800    0.8397    0.6301    0.6853    0.3743   0.03338  0.009959   0.01305
