     0/199     9.62G   0.07249   0.02392   0.04135    0.1378       116       800    0.5886     0.233    0.1047   0.02523   0.07279   0.02363   0.04545
     1/199      9.5G   0.06077   0.01904   0.03475    0.1146       114       800    0.6303    0.2525    0.1814   0.04928   0.06054   0.03618   0.04994
     2/199      9.5G   0.06095   0.01923   0.03258    0.1128       110       800    0.4889    0.2861    0.1671   0.05025   0.06005   0.02691   0.04239
     3/199     9.51G   0.06035   0.01958   0.03158    0.1115       171       800    0.6683    0.2413    0.2171   0.06357   0.06287   0.02081   0.03652
     4/199     9.51G   0.06073   0.01934   0.03186    0.1119       116       800    0.6534     0.091   0.07441    0.0221   0.06956   0.06005   0.04582
     5/199     9.51G   0.05853   0.01906   0.03077    0.1084       134       800    0.3755    0.3278    0.2016   0.06246   0.06425   0.02362   0.03299
     6/199     9.51G   0.05901   0.01934   0.03049    0.1088       138       800    0.4331    0.3479    0.2636    0.0773   0.06357   0.01677   0.03094
     7/199     9.51G   0.05794   0.01911    0.0298    0.1068       157       800    0.1735    0.2356    0.2109   0.06162    0.0621       inf   0.03859
     8/199     9.51G   0.05582   0.01853   0.02903    0.1034       132       800    0.4806    0.4059    0.3316    0.1198   0.05361   0.01387    0.0298
     9/199     9.51G   0.05479   0.01832    0.0282    0.1013       121       800    0.4431    0.4472     0.342    0.1254   0.05265   0.01494   0.03251
    10/199     9.51G   0.05306   0.01765    0.0272   0.09791        96       800    0.4795    0.3144    0.2408   0.08242   0.08221   0.01526    0.3685
    11/199     9.51G   0.05768   0.01959   0.03004    0.1073       127       800    0.4924    0.4222    0.3408    0.1221   0.05462   0.01422   0.03117
    12/199     9.51G   0.05389   0.01858   0.02781    0.1003       112       800    0.5265    0.3798    0.3447     0.127   0.05435   0.01421   0.03526
    13/199     9.51G   0.05241   0.01812   0.02683   0.09735        95       800    0.4691    0.4654    0.3689    0.1395   0.05297    0.0132   0.03162
    14/199     9.51G   0.05278   0.01775   0.02703   0.09756       139       800    0.5289    0.4128    0.3801     0.144    0.0519   0.01381   0.02974
    15/199     9.51G   0.05161    0.0176   0.02542   0.09463       158       800    0.5294     0.433    0.3785     0.147   0.04952   0.01378   0.02907
    16/199     9.51G   0.05155   0.01765   0.02535   0.09455       165       800    0.5387    0.4553    0.3949    0.1622   0.04776   0.01327   0.02726
    17/199     9.51G   0.05161   0.01757   0.02496   0.09414       114       800     0.444    0.3803    0.2802    0.1009   0.05539   0.01591   0.03224
    18/199     9.51G   0.05251   0.01841   0.02563   0.09655       136       800    0.6264    0.3843    0.4141    0.1653   0.05096   0.01318   0.02813
    19/199     9.51G   0.05117   0.01725   0.02458     0.093       126       800    0.5974    0.4283    0.4309    0.1601    0.0498   0.01317      0.03
    20/199     9.51G    0.0507   0.01766   0.02407   0.09243       142       800    0.5709    0.4777    0.4724    0.1809   0.04996   0.01231   0.02549
    21/199     9.51G    0.0502   0.01711   0.02303   0.09034       122       800    0.5845    0.4807    0.4609    0.2003   0.04748   0.01279   0.02958
    22/199     9.51G   0.05022   0.01763   0.02353   0.09138       141       800    0.5967    0.4792    0.4624    0.1836   0.04762   0.01301    0.0253
    23/199     9.51G   0.05056   0.01739   0.02334   0.09129       123       800    0.5787    0.4521    0.4314    0.1744   0.04863   0.01412   0.02586
    24/199     9.51G   0.04981   0.01714   0.02201   0.08896       111       800    0.6557    0.4328    0.4592    0.1904   0.04763   0.01498   0.02385
    25/199     9.51G   0.05044   0.01743   0.02215   0.09002       139       800    0.6132    0.4712    0.4725    0.1914   0.05018   0.01279   0.02905
    26/199     9.51G    0.0503   0.01767   0.02253    0.0905       121       800    0.6265    0.4988    0.4874    0.1909   0.04798   0.01267   0.02221
    27/199     9.51G   0.05059   0.01714   0.02254   0.09027       119       800     0.618     0.439    0.4295    0.1779   0.04964   0.01391   0.02586
    28/199     9.51G   0.04942   0.01745   0.02179   0.08867       129       800    0.6077    0.4691    0.4713    0.1965   0.04792   0.01336   0.03371
    29/199     9.51G   0.04936   0.01715   0.02117   0.08768       163       800    0.7073    0.4102    0.4732    0.2031   0.04707   0.01323   0.02928
    30/199     9.51G   0.05095   0.01722   0.02177   0.08995       119       800    0.7016    0.4231     0.466    0.1895   0.04749   0.01324   0.02456
    31/199     9.51G   0.04993    0.0175   0.02152   0.08895       105       800    0.6981    0.4371    0.4861    0.1922   0.04678   0.01312    0.0239
    32/199     9.51G   0.04988   0.01712   0.02247   0.08947        94       800     0.685    0.4539     0.503    0.2118    0.0468   0.01285   0.02338
    33/199     9.51G   0.05022   0.01721   0.02118   0.08861       119       800    0.6475    0.3938    0.4312    0.1808   0.05216   0.01733   0.02615
    34/199     9.51G   0.04887   0.01702   0.02095   0.08685       142       800    0.6947    0.4635    0.4995     0.212   0.04727   0.01342   0.02216
    35/199     9.51G   0.04837   0.01685   0.02036   0.08557       130       800    0.6539    0.5111    0.5116    0.2279   0.04451   0.01232   0.02225
    36/199     9.51G    0.0496   0.01705    0.0207   0.08735       136       800    0.6433    0.4945    0.4851    0.1906   0.04625   0.01315   0.02467
    37/199     9.51G   0.04811   0.01693   0.02013   0.08517       137       800    0.6686    0.5068     0.539    0.2375   0.04444   0.01245    0.0211
    38/199     9.51G   0.04908   0.01697   0.01996   0.08601       133       800    0.6894    0.5174    0.5352    0.2283     0.044   0.01209   0.02089
    39/199     9.51G   0.04918   0.01727   0.02137   0.08783       141       800    0.6811    0.4968     0.526    0.2285   0.04615   0.01256   0.02201
    40/199     9.51G   0.04861   0.01694   0.02035   0.08591       119       800     0.744    0.4506    0.5281    0.2205   0.04575   0.01238   0.02168
    41/199     9.51G    0.0476    0.0171   0.01986   0.08456       130       800    0.7368    0.4813    0.5333    0.2217   0.04481   0.01212   0.02277
    42/199     9.51G   0.04753   0.01657   0.01929   0.08339       110       800    0.7128    0.4983    0.5319    0.2292   0.04533   0.01212   0.02103
    43/199     9.51G   0.04835   0.01676   0.01877   0.08387       112       800    0.7674    0.4484     0.548    0.2383    0.0447   0.01221   0.02293
    44/199     9.51G   0.04792   0.01655   0.01892   0.08339       151       800    0.7164    0.5323    0.5651    0.2447   0.04266   0.01184   0.01914
    45/199     9.51G   0.04736   0.01658   0.01845   0.08239       117       800    0.7706     0.516    0.5745    0.2572   0.04333   0.01174   0.01847
    46/199     9.51G   0.04773   0.01702   0.01989   0.08464       129       800    0.6201    0.3156    0.3424    0.1368   0.05591   0.01557   0.03233
    47/199     9.51G   0.04713   0.01618    0.0193   0.08262       102       800    0.7415    0.5031    0.5535    0.2409    0.0443   0.01174   0.02013
    48/199     9.51G   0.04791   0.01677   0.01935   0.08402       152       800    0.7471    0.4703    0.5412    0.2406   0.04508   0.01211   0.02112
    49/199     9.51G   0.04891   0.01704    0.0199   0.08585       131       800    0.7383    0.4834    0.5403    0.2438   0.04353   0.01196   0.02042
    50/199     9.51G    0.0472   0.01713   0.01972   0.08406       119       800     0.656    0.5211    0.5057    0.2282   0.04472   0.01225   0.02281
    51/199     9.51G   0.04692   0.01656   0.01851     0.082       140       800    0.7947     0.489    0.5663    0.2542   0.04327   0.01154   0.01931
    52/199     9.51G   0.04747   0.01663   0.01904   0.08315       129       800    0.7775    0.4958    0.5765    0.2637   0.04378   0.01166    0.0182
    53/199     9.51G   0.04718   0.01632   0.01809   0.08159       120       800    0.7729    0.4994    0.5706    0.2581   0.04392   0.01176   0.01795
    54/199     9.51G   0.04853   0.01704   0.01925   0.08483       133       800    0.7147    0.5294    0.5597    0.2408   0.04401   0.01214   0.01925
    55/199     9.51G   0.04755   0.01642   0.01831   0.08228       170       800    0.7595     0.527    0.5808    0.2633   0.04269   0.01184   0.01794
    56/199     9.51G   0.04688   0.01633   0.01817   0.08138       107       800    0.7611    0.4951    0.5625    0.2603     0.043   0.01171   0.02043
    57/199     9.51G    0.0465     0.016   0.01726   0.07977       163       800    0.8066     0.497    0.5824    0.2632   0.04201   0.01209   0.01723
    58/199     9.51G   0.04667   0.01628    0.0171   0.08004       130       800    0.7302    0.5333    0.5777    0.2689   0.04212   0.01157   0.01701
    59/199     9.51G   0.04632   0.01615   0.01729   0.07976       137       800    0.7692    0.5295    0.5849    0.2656   0.04289    0.0115   0.01736
    60/199     9.51G   0.04819   0.01682   0.01838   0.08339       157       800    0.7585    0.5302    0.5821    0.2571   0.04312   0.01148   0.01731
    61/199     9.51G   0.04789    0.0166   0.01774   0.08222       132       800    0.7619    0.5574    0.5961    0.2607   0.04333   0.01167   0.01731
    62/199     9.51G   0.04723   0.01649   0.01756   0.08128        96       800    0.7635    0.5157    0.5832    0.2662   0.04332    0.0113   0.01833
    63/199     9.51G   0.04557   0.01612   0.01687   0.07856       118       800    0.7444    0.5354    0.5904    0.2694   0.04186   0.01135    0.0176
    64/199     9.51G   0.04722   0.01678   0.01865   0.08266       101       800    0.7259    0.5264    0.5553    0.2563   0.04416   0.01264   0.01733
    65/199     9.51G   0.04652   0.01572   0.01675   0.07899       130       800    0.7413    0.5445    0.5789    0.2738   0.04286   0.01181    0.0181
    66/199     9.51G   0.04728   0.01625   0.01753   0.08106       115       800    0.7174    0.5541    0.6079    0.2709   0.04221    0.0129   0.01647
    67/199     9.51G   0.04605   0.01578   0.01615   0.07798       120       800     0.788    0.5312    0.6044     0.284   0.04139   0.01111   0.01634
    68/199     9.51G   0.04602   0.01554   0.01723    0.0788       105       800    0.7774    0.5636    0.6099    0.2782   0.04121   0.01102    0.0161
    69/199     9.51G   0.04535   0.01576   0.01663   0.07775       151       800    0.7746    0.5214    0.5935     0.277   0.04219   0.01166   0.01748
    70/199     9.51G   0.04704   0.01622   0.01778   0.08104       120       800    0.7582    0.5506    0.5972    0.2766    0.0424   0.01147   0.01717
    71/199     9.51G   0.04643   0.01612    0.0167   0.07925       135       800    0.7586    0.5487    0.5992     0.281   0.04165   0.01114   0.01657
    72/199     9.51G   0.04584   0.01575   0.01646   0.07806       101       800    0.7584     0.561    0.6028     0.279    0.0416   0.01091   0.01651
    73/199     9.51G   0.04519   0.01589   0.01657   0.07766       117       800    0.7688    0.5429    0.5954    0.2844   0.04001   0.01145   0.01659
    74/199     9.51G   0.04538     0.016   0.01635   0.07773       169       800    0.7988    0.5241    0.5992    0.2764   0.04094   0.01087   0.01708
    75/199     9.51G   0.04527   0.01603   0.01601   0.07731       122       800    0.7921    0.5547    0.6201     0.296   0.04051   0.01075   0.01545
    76/199     9.51G   0.04518   0.01568   0.01575   0.07662       136       800    0.8187    0.5335    0.6192     0.297   0.04063    0.0109   0.01543
    77/199     9.51G   0.04505   0.01578   0.01673   0.07755       138       800    0.7784    0.5724    0.6227    0.3043   0.03856   0.01077   0.01548
    78/199     9.51G   0.04511   0.01545   0.01602   0.07658       105       800    0.7525    0.5222    0.5873    0.2808      0.04   0.01142   0.01839
    79/199     9.51G   0.04498   0.01579   0.01554   0.07631       149       800    0.7918    0.5446    0.6073    0.2899   0.03976   0.01091   0.01604
    80/199     9.51G    0.0448   0.01595   0.01705    0.0778       135       800    0.7739    0.5373    0.6033    0.2814   0.03999   0.01109   0.01694
    81/199     9.51G   0.04544   0.01596   0.01679    0.0782       135       800    0.7647    0.5692     0.612    0.2897   0.03971   0.01101   0.01647
    82/199     9.51G   0.04402   0.01517    0.0152   0.07439       144       800    0.8325    0.5557    0.6375    0.3061   0.03972   0.01071   0.01426
    83/199     9.51G   0.04446   0.01528   0.01491   0.07464       126       800    0.8064    0.5336    0.6159    0.2958   0.04022   0.01072   0.01573
    84/199     9.51G   0.04522   0.01571   0.01576   0.07669        99       800    0.7805    0.5549    0.6133    0.3048   0.03913   0.01064    0.0169
    85/199     9.51G   0.04407   0.01535   0.01518    0.0746       137       800    0.8078    0.5551    0.6271    0.3042   0.03975   0.01071   0.01495
    86/199     9.51G   0.04552   0.01593   0.01587   0.07732       135       800    0.8201    0.5481    0.6226    0.3095   0.03886   0.01098    0.0154
    87/199     9.51G   0.04429    0.0153   0.01586   0.07545       103       800    0.7973    0.5738    0.6312     0.312   0.03837   0.01056   0.01573
    88/199     9.51G   0.04345   0.01534   0.01397   0.07276       152       800    0.8169    0.5652    0.6425    0.3209   0.03825   0.01054   0.01542
    89/199     9.51G   0.04348    0.0154   0.01497   0.07385       133       800    0.7742    0.5971    0.6416    0.3165   0.03851   0.01054   0.01484
    90/199     9.51G   0.04521   0.01551   0.01571   0.07643       122       800    0.8044    0.5612    0.6213    0.2972   0.03952   0.01082   0.01532
    91/199     9.51G   0.04356   0.01519   0.01512   0.07386       145       800    0.8047    0.5738    0.6394    0.3209   0.03852   0.01045    0.0146
    92/199     9.51G   0.04377   0.01554   0.01544   0.07476       119       800    0.7977    0.5869    0.6413      0.32   0.03831   0.01053   0.01427
    93/199     9.51G   0.04351   0.01557    0.0156   0.07468       142       800    0.8154    0.5871    0.6398    0.3157   0.03783   0.01047   0.01369
    94/199     9.51G   0.04417   0.01539   0.01514    0.0747       161       800    0.8424    0.5568    0.6514    0.3242   0.03796   0.01061   0.01454
    95/199     9.51G   0.04365   0.01523   0.01452   0.07341       127       800    0.7857     0.594    0.6492    0.3241   0.03734   0.01036   0.01508
    96/199     9.51G   0.04343   0.01569   0.01502   0.07415       120       800    0.7943    0.5932    0.6489    0.3199   0.03835   0.01034   0.01504
    97/199     9.51G   0.04389    0.0154   0.01456   0.07384       158       800    0.8207    0.5951    0.6485    0.3255   0.03735    0.0104   0.01448
    98/199     9.51G   0.04424   0.01559   0.01537    0.0752       131       800    0.8305    0.5649    0.6363    0.3194   0.03816   0.01039   0.01434
    99/199     9.51G    0.0436   0.01541   0.01441   0.07342       121       800    0.8031    0.6009    0.6538    0.3281   0.03794    0.0103   0.01419
   100/199     9.51G   0.04307   0.01546   0.01527    0.0738       154       800    0.8295    0.5695    0.6481    0.3229   0.03697    0.0105   0.01455
   101/199     9.51G   0.04367   0.01532   0.01496   0.07394       133       800    0.7987    0.5809    0.6497    0.3295   0.03709   0.01038   0.01457
   102/199     9.51G   0.04279    0.0153   0.01369   0.07178       173       800    0.8376    0.5726    0.6496    0.3331   0.03709   0.01026   0.01389
   103/199     9.51G   0.04208   0.01504   0.01392   0.07103       111       800    0.7957    0.6028    0.6518    0.3322   0.03711   0.01025   0.01391
   104/199     9.51G   0.04224   0.01511   0.01389   0.07124       113       800    0.8418    0.5886     0.657    0.3344   0.03702   0.01027   0.01395
   105/199     9.51G   0.04272   0.01513    0.0147   0.07255       134       800    0.7973     0.603    0.6558    0.3362   0.03698    0.0102   0.01455
   106/199     9.51G   0.04318   0.01533   0.01416   0.07266       133       800    0.8377    0.5976    0.6586    0.3357   0.03722   0.01017   0.01373
   107/199     9.51G    0.0414   0.01481   0.01398   0.07019       103       800    0.8339    0.5898    0.6554    0.3382   0.03688   0.01024   0.01372
   108/199     9.51G   0.04242   0.01519   0.01364   0.07124       125       800    0.8293    0.5861    0.6621    0.3387    0.0362   0.01008   0.01333
   109/199     9.51G   0.04161   0.01487   0.01342   0.06989       101       800    0.8021    0.6159    0.6729    0.3446   0.03648   0.01015   0.01348
   110/199     9.51G   0.04229   0.01498   0.01357   0.07084       123       800     0.831    0.6026    0.6704    0.3416   0.03703   0.01022   0.01308
   111/199     9.51G   0.04088   0.01467   0.01328   0.06882       155       800    0.7997    0.6205    0.6668    0.3424   0.03638  0.009951   0.01401
   112/199     9.51G   0.04181   0.01463   0.01346    0.0699       108       800    0.8037    0.6081    0.6609    0.3433   0.03644   0.01004   0.01388
   113/199     9.51G   0.04125   0.01467   0.01304   0.06896        99       800    0.8275    0.6036    0.6687    0.3474   0.03636  0.009928   0.01322
   114/199     9.51G    0.0411   0.01456   0.01287   0.06853       152       800    0.8277    0.6036    0.6683    0.3438   0.03614   0.00996   0.01358
   115/199     9.51G    0.0422   0.01488   0.01361   0.07069       160       800    0.8104    0.6031     0.658    0.3426   0.03622  0.009971     0.014
   116/199     9.51G   0.04135   0.01489   0.01364   0.06987       163       800    0.8234    0.6184    0.6615    0.3433   0.03604  0.009933   0.01338
   117/199     9.51G   0.04188   0.01476   0.01471   0.07135       153       800    0.8139    0.6175    0.6623    0.3459   0.03596   0.01002   0.01393
   118/199     9.51G   0.04102   0.01464    0.0127   0.06837       156       800    0.8198    0.6179    0.6652     0.349   0.03593  0.009978   0.01403
   119/199     9.51G   0.04066   0.01484   0.01309   0.06859       135       800    0.8117    0.6261    0.6633    0.3481     0.036  0.009835   0.01392
   120/199     9.51G   0.04056   0.01466   0.01263   0.06786       114       800    0.8414     0.597    0.6658    0.3505   0.03543  0.009858   0.01408
   121/199     9.51G   0.04099   0.01413   0.01232   0.06744       127       800    0.8397    0.6179    0.6744    0.3545   0.03569  0.009845    0.0134
   122/199     9.51G   0.04064   0.01457   0.01236   0.06756       138       800    0.8197    0.6245    0.6705    0.3544    0.0358  0.009858   0.01337
   123/199     9.51G   0.04054   0.01439   0.01245   0.06738       128       800    0.8074    0.6145    0.6691    0.3548   0.03578  0.009853   0.01354
   124/199     9.51G   0.04101   0.01436   0.01227   0.06764       111       800    0.8403    0.6131    0.6705    0.3572   0.03496  0.009786   0.01324
   125/199     9.51G   0.04017   0.01455   0.01182   0.06654       158       800    0.8472    0.6064    0.6767    0.3603   0.03528  0.009797   0.01267
   126/199     9.51G   0.04001   0.01438   0.01241   0.06681       112       800    0.8093    0.6198    0.6695     0.363   0.03535  0.009806   0.01292
   127/199     9.51G   0.03921   0.01419   0.01159   0.06498       158       800    0.8369    0.6174    0.6776     0.362   0.03543  0.009675    0.0126
   128/199     9.51G   0.04018   0.01428   0.01218   0.06664       147       800    0.8478    0.6145    0.6876    0.3624   0.03505  0.009658   0.01259
   129/199     9.51G   0.04057   0.01445   0.01145   0.06647       124       800     0.829    0.6302    0.6843    0.3605   0.03493  0.009684   0.01242
   130/199     9.51G    0.0401    0.0143   0.01273   0.06712       132       800     0.823    0.6207    0.6792    0.3629    0.0348  0.009704   0.01235
   131/199     9.51G   0.03944   0.01431   0.01172   0.06547       130       800    0.8534    0.6014    0.6835    0.3614   0.03504  0.009716   0.01255
   132/199     9.51G   0.04044   0.01413   0.01248   0.06705       107       800    0.8264    0.6226    0.6775    0.3589   0.03502  0.009732   0.01281
   133/199     9.51G    0.0402   0.01416   0.01215    0.0665       105       800    0.8191    0.6246    0.6735    0.3629   0.03492  0.009606   0.01266
   134/199     9.51G   0.03924   0.01368   0.01103   0.06395       109       800    0.8339    0.6288    0.6788    0.3652   0.03475  0.009572   0.01261
   135/199     9.51G   0.03918   0.01393   0.01075   0.06386       134       800    0.8618    0.6139    0.6841    0.3671   0.03468  0.009551   0.01242
   136/199     9.51G   0.03901   0.01418   0.01164   0.06483       142       800    0.8667    0.6103    0.6861    0.3676   0.03466  0.009628   0.01228
   137/199     9.51G   0.03905     0.014   0.01102   0.06407        98       800    0.8237    0.6446    0.6904    0.3694   0.03451  0.009561   0.01251
   138/199     9.51G   0.03911   0.01413   0.01152   0.06476       130       800    0.8607    0.6182    0.6942    0.3745   0.03446  0.009557   0.01253
   139/199     9.51G   0.03878   0.01382    0.0116   0.06421       143       800    0.8205    0.6405     0.698    0.3719   0.03439  0.009522   0.01243
   140/199     9.51G   0.03857   0.01404   0.01089    0.0635        94       800    0.8516     0.611    0.6924    0.3722   0.03435  0.009495   0.01223
   141/199     9.51G   0.03876   0.01423   0.01128   0.06426       166       800    0.8247    0.6377    0.6937    0.3679   0.03435  0.009558   0.01221
   142/199     9.51G   0.03904   0.01412   0.01093   0.06409       133       800    0.8598    0.6137    0.6915    0.3693    0.0345  0.009483   0.01247
   143/199     9.51G   0.03835   0.01416   0.01032   0.06283       118       800    0.8554    0.6172    0.6968    0.3726   0.03449  0.009512   0.01226
   144/199     9.51G   0.03815   0.01378   0.01077   0.06269       119       800    0.8685    0.6093    0.7003    0.3711   0.03423  0.009492    0.0122
   145/199     9.51G   0.03872   0.01401   0.01058   0.06331        94       800    0.8563    0.6185    0.6968     0.371   0.03432  0.009482   0.01235
   146/199     9.51G   0.03843   0.01377   0.01057   0.06277       127       800     0.845    0.6149    0.6948    0.3742   0.03429  0.009475   0.01244
   147/199     9.51G   0.03883   0.01377   0.01113   0.06374       134       800      0.85     0.621    0.7009    0.3758   0.03421  0.009461   0.01237
   148/199     9.51G   0.03807   0.01409   0.01011   0.06227       158       800    0.8341    0.6301     0.698    0.3725   0.03425  0.009472   0.01242
   149/199     9.51G   0.03779   0.01346  0.009833   0.06109       159       800    0.8347    0.6303    0.6961    0.3757   0.03415  0.009436   0.01238
   150/199     9.51G   0.03765   0.01359   0.01017   0.06141       136       800    0.8332    0.6372    0.6926    0.3759   0.03383  0.009418   0.01247
   151/199     9.51G   0.03809   0.01364  0.009971    0.0617       160       800    0.8368    0.6329    0.6935    0.3788   0.03353  0.009351   0.01252
   152/199     9.51G   0.03746    0.0137   0.01033   0.06149       110       800    0.8446    0.6252     0.698    0.3797   0.03357  0.009323    0.0126
   153/199     9.51G   0.03795   0.01368   0.01017   0.06179       145       800    0.8463    0.6245    0.6927    0.3784    0.0336  0.009323   0.01246
   154/199     9.51G    0.0372   0.01374  0.009361    0.0603       159       800    0.8338    0.6347    0.6972    0.3798    0.0335  0.009353   0.01237
   155/199     9.51G   0.03746   0.01364  0.009571   0.06067       134       800    0.8543    0.6201    0.6928    0.3807   0.03348  0.009339   0.01255
   156/199     9.51G   0.03789   0.01362  0.009848   0.06136       117       800     0.867    0.6123    0.6948    0.3815   0.03332  0.009352   0.01253
   157/199     9.51G   0.03755   0.01375   0.01018   0.06147       107       800    0.8324     0.639    0.6954    0.3817   0.03336   0.00936   0.01244
   158/199     9.51G   0.03688   0.01365  0.009829   0.06035       113       800    0.8446    0.6377    0.6989    0.3867   0.03328  0.009312   0.01259
   159/199     9.51G   0.03647   0.01366  0.009121   0.05925       132       800    0.8758    0.6179    0.6988    0.3869   0.03315   0.00932   0.01265
   160/199     9.51G   0.03708   0.01345  0.009889   0.06041       120       800    0.8561    0.6361    0.7037    0.3874   0.03304  0.009294   0.01235
   161/199     9.51G    0.0368   0.01316  0.009697   0.05966       120       800    0.8596    0.6375    0.7062    0.3874   0.03304  0.009254   0.01212
   162/199     9.51G   0.03712   0.01355  0.009996   0.06067       163       800    0.8656    0.6342    0.7016    0.3868     0.033  0.009257   0.01215
   163/199     9.51G   0.03709   0.01359   0.01011   0.06079       104       800    0.8721    0.6298    0.7034     0.386   0.03306  0.009277   0.01201
   164/199     9.51G   0.03686   0.01332  0.009462   0.05963       129       800    0.8659    0.6355    0.7033    0.3881   0.03292   0.00927   0.01212
   165/199     9.51G   0.03682   0.01354  0.009645   0.06001       126       800    0.8616    0.6381    0.7085    0.3902   0.03287   0.00924   0.01215
   166/199     9.51G     0.037   0.01331  0.009556   0.05987       117       800    0.8561    0.6406    0.7115    0.3911   0.03276  0.009222   0.01217
   167/199     9.51G   0.03637   0.01343  0.009562   0.05936       148       800    0.8462    0.6492    0.7123     0.391   0.03275  0.009215   0.01228
   168/199     9.51G   0.03629   0.01315  0.009138   0.05857       131       800      0.86    0.6409    0.7112     0.391   0.03273   0.00923   0.01225
   169/199     9.51G    0.0363   0.01337  0.009068   0.05873       180       800    0.8556    0.6464    0.7102    0.3927   0.03269  0.009222    0.0122
   170/199     9.51G   0.03656   0.01319  0.008778   0.05853       124       800     0.851    0.6452    0.7092    0.3931   0.03274  0.009216   0.01223
   171/199     9.51G   0.03615   0.01322  0.008369   0.05774       129       800    0.8511     0.648    0.7117    0.3933   0.03283  0.009195   0.01226
   172/199     9.51G   0.03585   0.01308  0.008401   0.05733       151       800    0.8557    0.6452    0.7121    0.3948   0.03279  0.009192   0.01228
   173/199     9.51G   0.03643   0.01359  0.009309   0.05933       142       800    0.8731    0.6343    0.7136    0.3945   0.03279  0.009212   0.01235
   174/199     9.51G   0.03595   0.01317  0.009096   0.05822       132       800    0.8671    0.6387    0.7166    0.3957   0.03261  0.009191   0.01218
   175/199     9.51G   0.03594   0.01323   0.00794   0.05711       113       800    0.8689    0.6372    0.7157    0.3974   0.03256  0.009183   0.01224
   176/199     9.51G   0.03539    0.0131  0.008102   0.05659       134       800    0.8698    0.6339    0.7154    0.3976   0.03257  0.009171   0.01237
   177/199     9.51G   0.03542   0.01286  0.008468   0.05675       174       800     0.874    0.6301    0.7118    0.3977   0.03247  0.009154   0.01247
   178/199     9.51G   0.03483   0.01289  0.007815   0.05553       137       800    0.8699    0.6318    0.7123     0.399    0.0324  0.009148   0.01252
   179/199     9.51G   0.03511   0.01293  0.008627   0.05667       107       800    0.8583     0.647    0.7151    0.3972   0.03233  0.009138   0.01255
   180/199     9.51G   0.03556   0.01322  0.008909   0.05769       128       800    0.8646    0.6436    0.7149    0.3984   0.03229  0.009131   0.01241
   181/199     9.51G   0.03613   0.01323  0.009113   0.05847       143       800     0.837     0.662    0.7153    0.3994   0.03228   0.00913   0.01237
   182/199     9.51G    0.0353   0.01276  0.008303   0.05636       169       800    0.8422    0.6577    0.7149    0.3984   0.03228  0.009132   0.01237
   183/199     9.51G   0.03509   0.01305  0.007932   0.05607       146       800     0.872    0.6391    0.7149    0.4001   0.03226  0.009123   0.01239
   184/199     9.51G   0.03492   0.01272   0.00821   0.05585       115       800    0.8748    0.6323    0.7132    0.3983   0.03229  0.009121   0.01247
   185/199     9.51G    0.0348   0.01308  0.008054   0.05594       140       800    0.8476    0.6539    0.7117    0.3986   0.03233  0.009113   0.01253
   186/199     9.51G     0.035     0.013  0.007657   0.05566       140       800    0.8305    0.6667    0.7121    0.3975    0.0323  0.009108   0.01259
   187/199     9.51G    0.0347    0.0128  0.008009   0.05551       104       800    0.8536    0.6474    0.7115    0.3974   0.03227  0.009098   0.01261
   188/199     9.51G   0.03473   0.01275  0.007825    0.0553       142       800    0.8453    0.6527    0.7121    0.3984   0.03221  0.009095   0.01258
   189/199     9.51G   0.03482   0.01269   0.00754   0.05505       131       800     0.883    0.6287    0.7114    0.3984   0.03216  0.009083   0.01257
   190/199     9.51G   0.03419   0.01285  0.007927   0.05497       143       800    0.8546    0.6489    0.7098    0.3968   0.03213  0.009055   0.01253
   191/199     9.51G   0.03522   0.01281  0.008418   0.05646       147       800    0.8549    0.6515    0.7109    0.3972   0.03213  0.009038    0.0125
   192/199     9.51G   0.03499   0.01265  0.008083   0.05572       130       800    0.8583    0.6514    0.7122    0.3973   0.03215  0.009036   0.01252
   193/199     9.51G    0.0349   0.01292  0.007687   0.05551       128       800    0.8456    0.6597    0.7138    0.3968   0.03216  0.009044   0.01242
   194/199     9.51G   0.03523   0.01309  0.009133   0.05745       177       800    0.8815    0.6336    0.7139    0.3977   0.03214  0.009047    0.0123
   195/199     9.51G   0.03458   0.01271  0.007475   0.05476       122       800    0.8397    0.6677    0.7151    0.3982   0.03218  0.009045   0.01224
   196/199     9.51G   0.03449   0.01269  0.007396   0.05458       129       800    0.8453    0.6636    0.7146    0.3988   0.03217  0.009042   0.01221
   197/199     9.51G   0.03533   0.01321  0.008138   0.05668       135       800    0.8767    0.6378    0.7118    0.3976   0.03217  0.009052   0.01215
   198/199     9.51G   0.03472   0.01283  0.007976   0.05553       110       800    0.8494    0.6622    0.7112    0.3983   0.03217  0.009047   0.01215
   199/199     9.51G   0.03449   0.01251  0.007507   0.05451       133       800    0.8546    0.6636    0.7145    0.4002   0.03216  0.009045   0.01215
