      0/99     11.4G    0.1056   0.04119   0.04969    0.1965       105      1024 1.435e-05  0.000448 1.156e-07 1.156e-08   0.09701   0.03133    0.0477
      1/99     14.3G   0.09984   0.03757   0.04572    0.1831       104      1024         0         0         0         0   0.09346   0.03241   0.04601
      2/99     14.3G   0.09387    0.0372   0.04423    0.1753        98      1024   0.04184    0.1616   0.02282  0.004254   0.07772   0.02644   0.04601
      3/99     14.3G   0.07831   0.02978   0.04353    0.1516       125      1024    0.2197    0.2309   0.04197  0.008513   0.07197   0.02196   0.04422
      4/99     14.3G   0.07571    0.0287   0.04168    0.1461       112      1024    0.4415    0.1131   0.06125   0.01454   0.06755   0.02614   0.04313
      5/99     14.3G   0.07052   0.02745   0.03929    0.1373       105      1024    0.2807    0.2727    0.1127   0.02563   0.06013   0.02202   0.04028
      6/99     14.3G   0.06724   0.02589   0.03775    0.1309        90      1024    0.3679    0.4032    0.1876   0.05555    0.0566   0.02035   0.03801
      7/99     14.3G   0.06383   0.02465   0.03649     0.125       152      1024    0.3285    0.2218     0.104   0.02368   0.06564   0.02708   0.03927
      8/99     14.3G    0.0605   0.02339   0.03404    0.1179        93      1024    0.4386      0.38    0.2649   0.08183    0.0555   0.01768   0.03387
      9/99     14.3G   0.05732    0.0221   0.03205    0.1115        99      1024    0.4826    0.4575    0.3577    0.1298   0.05079   0.01533   0.03179
     10/99     14.3G   0.05522   0.02087   0.03026    0.1063       131      1024    0.5303    0.4906    0.4048    0.1483   0.04912   0.01471   0.02967
     11/99     14.3G   0.05374   0.02093   0.02825    0.1029       128      1024    0.5842    0.4509    0.4326    0.1749   0.04666   0.01445   0.02854
     12/99     14.3G   0.05212   0.02006   0.02673   0.09891        97      1024    0.5507    0.5111    0.4683    0.1748   0.04747   0.01461     0.027
     13/99     14.3G   0.05085   0.01941   0.02468   0.09493       123      1024    0.6693    0.4865    0.4962    0.2074   0.04428   0.01392   0.02374
     14/99     14.3G   0.04968   0.01911   0.02293   0.09172       107      1024    0.6935    0.5264     0.551    0.2414   0.04386   0.01411    0.0217
     15/99     14.3G   0.04934   0.01863   0.02092   0.08889       127      1024    0.6992    0.5426    0.5628    0.2349    0.0448    0.0135   0.01974
     16/99     14.3G    0.0484   0.01868   0.01977   0.08686       109      1024    0.7354    0.5302    0.5806    0.2564   0.04339   0.01316   0.02082
     17/99     14.3G   0.04752   0.01845   0.01933    0.0853       113      1024    0.7818    0.5485    0.6115    0.2818   0.04247   0.01308   0.01812
     18/99     14.3G   0.04647   0.01823   0.01712   0.08182       111      1024    0.7859    0.5878    0.6422    0.3012   0.04127   0.01267   0.01599
     19/99     14.3G   0.04611   0.01775   0.01651   0.08037       118      1024    0.8241    0.5624    0.6426    0.3054   0.04095   0.01261   0.01842
     20/99     14.3G   0.04493   0.01753   0.01554     0.078        90      1024    0.7994    0.6013    0.6609    0.3152   0.03978   0.01207   0.01578
     21/99     14.3G   0.04398   0.01738   0.01521   0.07657       101      1024    0.8662    0.5874    0.6807    0.3356    0.0395   0.01244    0.0147
     22/99     14.3G   0.04328    0.0171   0.01436   0.07473       105      1024     0.825    0.6233    0.6807    0.3345   0.03866   0.01231   0.01431
     23/99     14.3G   0.04301   0.01722   0.01363   0.07386       101      1024    0.8641    0.5856     0.674    0.3324   0.03869   0.01185   0.01437
     24/99     14.3G   0.04235   0.01672    0.0133   0.07237       113      1024    0.8414    0.6397     0.694      0.35   0.03785    0.0117   0.01272
     25/99     14.3G   0.04232   0.01675   0.01246   0.07152       122      1024    0.8571    0.6014    0.6808    0.3565   0.03835   0.01188   0.01549
     26/99     14.3G    0.0413   0.01639   0.01185   0.06954       107      1024    0.8612     0.639    0.7005    0.3664   0.03708   0.01167   0.01241
     27/99     14.3G   0.04134   0.01619   0.01154   0.06907       124      1024    0.8485    0.6357    0.7045    0.3572   0.03758   0.01167   0.01481
     28/99     14.3G   0.04014   0.01576   0.01152   0.06743        93      1024    0.8735    0.6569    0.7296    0.3781   0.03646   0.01127   0.01315
     29/99     14.3G   0.03981   0.01582   0.01112   0.06675       131      1024    0.8556    0.6443    0.7137    0.3693   0.03696   0.01163   0.01195
     30/99     14.3G   0.03952   0.01585   0.01046   0.06583       138      1024    0.8877    0.6424    0.7206    0.3751   0.03616   0.01113   0.01375
     31/99     14.3G   0.03918   0.01553   0.01015   0.06486       144      1024     0.859    0.6593     0.725    0.3839   0.03563   0.01117   0.01333
     32/99     14.3G   0.03858   0.01533   0.01016   0.06408       106      1024    0.8948    0.6601    0.7255    0.3862   0.03552   0.01111   0.01173
     33/99     14.3G   0.03804   0.01529  0.009422   0.06275       107      1024    0.8791     0.639    0.7198     0.379   0.03595   0.01111   0.01326
     34/99     14.3G    0.0377   0.01506   0.00969   0.06245       108      1024    0.8718    0.6695    0.7315    0.3901   0.03549   0.01092   0.01249
     35/99     14.3G   0.03765    0.0149  0.008916   0.06146       121      1024    0.8931      0.64    0.7329    0.3972   0.03576   0.01112   0.01127
     36/99     14.3G   0.03755    0.0152  0.009168   0.06192       109      1024    0.8948    0.6626     0.747    0.4023   0.03491   0.01081   0.01089
     37/99     14.3G     0.037   0.01493  0.008903   0.06084       134      1024    0.8922    0.6678     0.739    0.4031   0.03484    0.0109   0.01169
     38/99     14.3G   0.03669   0.01488  0.008635    0.0602       100      1024    0.8985    0.6626    0.7488    0.4122   0.03459   0.01085   0.01125
     39/99     14.3G   0.03651   0.01471  0.007848   0.05906       102      1024    0.8638    0.6762    0.7447    0.4035   0.03507   0.01089   0.01241
     40/99     14.3G   0.03593   0.01487  0.008093   0.05889       120      1024    0.8746    0.6795    0.7495    0.4099   0.03443   0.01098   0.01117
     41/99     14.3G   0.03619   0.01458  0.007827    0.0586       101      1024    0.8894    0.6693    0.7543    0.4173   0.03443   0.01069   0.01242
     42/99     14.3G   0.03547   0.01437  0.007625   0.05746       107      1024    0.8923    0.6756    0.7623    0.4232    0.0339   0.01066   0.01154
     43/99     14.3G   0.03571   0.01458  0.007546   0.05784        92      1024    0.8919    0.6675     0.764    0.4218   0.03414    0.0107   0.01096
     44/99     14.3G   0.03544   0.01427   0.00753   0.05724       126      1024    0.8875    0.6756    0.7717    0.4336    0.0343   0.01067   0.01179
     45/99     14.3G    0.0343   0.01424  0.006632   0.05517       111      1024    0.9022    0.6736    0.7634    0.4259   0.03312   0.01043   0.01151
     46/99     14.3G   0.03484   0.01421  0.007076   0.05613       124      1024    0.8911    0.6843    0.7496    0.4281   0.03292   0.01038   0.01079
     47/99     14.3G   0.03405   0.01389  0.006834   0.05477       100      1024    0.8773    0.6972    0.7653    0.4297   0.03339   0.01041   0.01158
     48/99     14.3G   0.03377   0.01397  0.006921   0.05465       115      1024     0.869    0.6977    0.7633    0.4341   0.03344   0.01052   0.01121
     49/99     14.3G   0.03368    0.0139  0.006187   0.05378       118      1024    0.9054    0.6855    0.7748    0.4346   0.03314   0.01044   0.01091
     50/99     14.3G   0.03333   0.01387  0.006287   0.05348       104      1024    0.9017    0.6834    0.7814    0.4454   0.03303   0.01027   0.01146
     51/99     14.3G   0.03295   0.01383  0.006084   0.05286        87      1024    0.9004    0.6832    0.7903    0.4528   0.03225   0.01022   0.01145
     52/99     14.3G   0.03309   0.01367  0.005678   0.05244       125      1024    0.8915    0.7086    0.7896    0.4567   0.03215   0.01019   0.01092
     53/99     14.3G   0.03231   0.01375  0.005757   0.05182        86      1024    0.7514    0.7677    0.7852     0.454   0.03204    0.0102   0.01186
     54/99     14.3G   0.03222   0.01359   0.00576   0.05157       134      1024    0.7399    0.7659    0.7754    0.4418   0.03263   0.01022   0.01133
     55/99     14.3G   0.03231   0.01325  0.005694   0.05125        87      1024    0.7593    0.7738    0.7944    0.4596   0.03218   0.01019   0.01097
     56/99     14.3G   0.03181   0.01342  0.005185   0.05042        88      1024    0.7715    0.7434    0.7823    0.4567   0.03223   0.01021   0.01057
     57/99     14.3G   0.03136   0.01344  0.005071   0.04987        95      1024    0.8697    0.7338    0.7819    0.4602   0.03153   0.01009   0.01093
     58/99     14.3G   0.03141    0.0133  0.004921   0.04963       116      1024    0.7532    0.7869    0.7966    0.4724   0.03143   0.01002   0.01069
     59/99     14.3G   0.03114   0.01306  0.005058   0.04926       104      1024    0.7989    0.7721     0.789    0.4581   0.03169   0.01009    0.0116
     60/99     14.3G   0.03117    0.0132  0.005016   0.04938       111      1024    0.7132    0.7756     0.784    0.4603   0.03138   0.01013   0.01127
     61/99     14.3G   0.03097   0.01333  0.004886   0.04919       137      1024     0.755    0.7614    0.7908    0.4663   0.03151    0.0101   0.01104
     62/99     14.3G   0.03044   0.01281  0.004579   0.04783        90      1024    0.8199    0.7572    0.7949    0.4661   0.03114   0.01005   0.01108
     63/99     14.3G    0.0304   0.01303  0.004488   0.04792       121      1024    0.8321    0.7315    0.7873    0.4658   0.03125   0.01003     0.011
     64/99     14.3G   0.03008    0.0129  0.004777   0.04776       132      1024    0.7705     0.762    0.7877    0.4667   0.03066  0.009891   0.01115
     65/99     14.3G   0.02996   0.01246  0.003926   0.04635       107      1024    0.8462    0.7654    0.8148    0.4817   0.03099  0.009976   0.01081
     66/99     14.3G   0.03013   0.01251  0.003938   0.04659       101      1024    0.8206    0.7825    0.8028    0.4785   0.03124  0.009903   0.01127
     67/99     14.3G    0.0297   0.01262  0.003908   0.04623       103      1024    0.8354    0.7511    0.8064    0.4904   0.03067  0.009894   0.01105
     68/99     14.3G   0.02966   0.01244  0.004191   0.04629       139      1024    0.8313    0.7554     0.806    0.4815   0.03073  0.009967   0.01045
     69/99     14.3G   0.02915   0.01223  0.003723    0.0451       101      1024    0.8908    0.7412     0.812    0.4805   0.03042  0.009925   0.01042
     70/99     14.3G   0.02914    0.0126  0.003528   0.04527       106      1024    0.7785    0.7892    0.8065    0.4815   0.03055  0.009849   0.01073
     71/99     14.3G   0.02887   0.01236  0.003706   0.04493        91      1024    0.8611    0.7636    0.8065    0.4819   0.03061  0.009918   0.01092
     72/99     14.3G   0.02922   0.01244  0.003636   0.04529       118      1024    0.8608    0.7539    0.8047    0.4845   0.03054  0.009875   0.01097
     73/99     14.3G   0.02853   0.01233  0.003456   0.04432       114      1024    0.8744    0.7663    0.8178    0.4939    0.0306  0.009909   0.01117
     74/99     14.3G   0.02807   0.01231  0.003461   0.04384       107      1024    0.8447      0.74    0.8098    0.4872    0.0302  0.009864   0.01157
     75/99     14.3G   0.02836   0.01183  0.003132   0.04333        94      1024    0.8437    0.7737    0.8113     0.491   0.03018  0.009897   0.01111
     76/99     14.3G   0.02799   0.01202  0.003169   0.04318       135      1024     0.821    0.7763    0.7975    0.4902   0.03019  0.009823   0.01158
     77/99     14.3G   0.02834   0.01222  0.003398   0.04395       105      1024    0.8449    0.7584    0.8084    0.4895   0.03012  0.009789   0.01169
     78/99     14.3G   0.02767   0.01195  0.003075   0.04269       135      1024     0.836    0.7681    0.8097    0.4924   0.03002   0.00983   0.01155
     79/99     14.3G    0.0273   0.01207   0.00291   0.04228       114      1024    0.8667    0.7713    0.8287     0.504   0.03006  0.009829   0.01095
     80/99     14.3G   0.02749   0.01208   0.00294   0.04251        98      1024    0.8427    0.7881    0.8163    0.4967    0.0299  0.009707   0.01135
     81/99     14.3G   0.02737   0.01199   0.00312   0.04248       105      1024    0.8596    0.7615     0.808    0.4926   0.03004  0.009794   0.01149
     82/99     14.3G   0.02719   0.01166  0.002896   0.04175       108      1024    0.8457    0.7588    0.8078    0.4965   0.02976  0.009779   0.01122
     83/99     14.3G   0.02702   0.01178  0.002589   0.04139       125      1024    0.8821    0.7568    0.8147    0.4991   0.03015  0.009838   0.01147
     84/99     14.3G   0.02675   0.01181  0.002813   0.04137       121      1024     0.823    0.7874    0.8093    0.4932   0.02999  0.009769   0.01101
     85/99     14.3G   0.02696   0.01157  0.002585   0.04112        90      1024    0.7949    0.8105    0.8218    0.5018   0.02966  0.009811   0.01104
     86/99     14.3G    0.0267   0.01188  0.002694   0.04128       102      1024    0.8316    0.7972    0.8245    0.5058   0.02964  0.009789   0.01133
     87/99     14.3G   0.02686   0.01177   0.00265   0.04128       125      1024    0.8585    0.7757    0.8174    0.5025   0.02961   0.00971   0.01118
     88/99     14.3G   0.02658   0.01179  0.002533    0.0409       124      1024    0.8678    0.7729    0.8279    0.5129   0.02957  0.009714   0.01085
     89/99     14.3G   0.02626   0.01165  0.002702   0.04061       121      1024    0.8969    0.7763    0.8289    0.5094    0.0295  0.009751   0.01092
     90/99     14.3G   0.02576   0.01131  0.002611   0.03968       101      1024    0.8948    0.7584    0.8262    0.5067   0.02948  0.009701   0.01098
     91/99     14.3G   0.02622   0.01152  0.002515   0.04025        96      1024    0.8756    0.7772    0.8303    0.5155   0.02967   0.00977   0.01081
     92/99     14.3G   0.02575   0.01153  0.002525   0.03981        94      1024    0.9228      0.76    0.8245    0.5128   0.02935  0.009714     0.011
     93/99     14.3G   0.02587   0.01137  0.002305   0.03955       112      1024    0.8913    0.7725    0.8267    0.5135    0.0295   0.00975   0.01112
     94/99     14.3G   0.02607   0.01151  0.002455   0.04003       113      1024    0.8874    0.7763    0.8234     0.513   0.02938    0.0097   0.01099
     95/99     14.3G   0.02557   0.01132  0.002586   0.03948       143      1024    0.8636    0.7737    0.8237    0.5108    0.0295   0.00966   0.01094
     96/99     14.3G   0.02572   0.01127  0.002422   0.03942        94      1024    0.8457    0.7833    0.8284     0.514   0.02942  0.009683   0.01116
     97/99     14.3G   0.02541   0.01126  0.002345   0.03901        76      1024    0.8587    0.7744    0.8305    0.5177    0.0295   0.00969   0.01082
     98/99     14.3G   0.02538   0.01121   0.00231    0.0389        81      1024    0.8827    0.7584    0.8202    0.5103   0.02939  0.009682    0.0115
     99/99     14.3G   0.02548   0.01156  0.002389   0.03943        98      1024    0.8627    0.7745     0.815    0.5098   0.02936   0.00966    0.0117
