      0/99     7.34G   0.09282   0.03702   0.04446    0.1743       118      1024    0.5356    0.1145   0.02304  0.003897   0.08033   0.03571   0.04653
      1/99     14.8G   0.07458   0.02807   0.04051    0.1432        86      1024    0.5419   0.06676   0.01546  0.002846   0.08146   0.04027   0.04381
      2/99     14.8G   0.06844   0.02566   0.03788     0.132        96      1024    0.4285     0.158   0.07579    0.0189   0.07133   0.02625   0.04552
      3/99     14.8G    0.0667    0.0259   0.03774    0.1303       113      1024    0.1038    0.1742   0.03948   0.01037   0.09256   0.05216   0.05255
      4/99     14.8G   0.06581   0.02523   0.03682    0.1279       112      1024     0.225    0.4175     0.202   0.05729   0.06245   0.01976   0.03916
      5/99     14.8G   0.06292   0.02391   0.03498    0.1218        97      1024    0.2077    0.3578    0.1989   0.05716   0.06028   0.01967   0.03777
      6/99     14.8G    0.0606   0.02406   0.03406    0.1187       100      1024    0.3687    0.4091    0.2583   0.08351   0.05805   0.01752   0.03616
      7/99     14.8G   0.05929   0.02333   0.03343    0.1161       145      1024    0.4025    0.3262    0.2277   0.07526   0.05732   0.01929   0.03439
      8/99     14.8G     0.059   0.02291   0.03258    0.1145        98      1024    0.2491     0.366    0.2145   0.06432   0.05923   0.01878   0.03315
      9/99     14.8G    0.0593   0.02273   0.03142    0.1134       111      1024    0.4534    0.3534    0.3083    0.1079   0.05396   0.01694   0.03395
     10/99     14.8G    0.0568   0.02187   0.03086    0.1095       127      1024    0.4327    0.4674    0.3531    0.1164   0.05507   0.01689   0.03205
     11/99     14.8G     0.057   0.02223   0.03014    0.1094       127      1024    0.4505    0.4834     0.383    0.1402   0.05289   0.01603   0.03093
     12/99     14.8G   0.05493   0.02144    0.0295    0.1059        90      1024    0.4824    0.4469    0.3721    0.1368   0.05201   0.01607   0.03158
     13/99     14.8G   0.05894   0.02324   0.03206    0.1142       121      1024    0.4753    0.3141    0.2599   0.08267   0.05689   0.01949   0.03578
     14/99     14.8G   0.05556   0.02177   0.03011    0.1074       108      1024    0.5108     0.447    0.4116    0.1585   0.05051   0.01604   0.03066
     15/99     14.8G     0.054   0.02107   0.02768    0.1027       115      1024    0.5105    0.4574    0.3919    0.1327   0.05084   0.01761   0.02941
     16/99     14.8G   0.05365   0.02124   0.02722    0.1021       118      1024    0.5664    0.4318    0.4457    0.1663   0.04927   0.01574   0.02869
     17/99     14.8G   0.05275   0.02109   0.02736    0.1012       113      1024    0.5683    0.4282    0.4246    0.1634   0.04977   0.01516   0.02901
     18/99     14.8G   0.05312   0.02098   0.02658    0.1007       117      1024    0.5686    0.4211    0.4127    0.1479   0.05118   0.01555   0.02619
     19/99     14.8G   0.05265   0.02076   0.02577   0.09918       125      1024    0.5579    0.4907    0.4288    0.1607   0.04898   0.01511   0.02534
     20/99     14.8G    0.0538   0.02102   0.02593    0.1008       103      1024    0.5552    0.4276    0.4192    0.1576   0.05137   0.01817   0.02653
     21/99     14.8G   0.05275   0.02036   0.02476   0.09786       107      1024    0.6303     0.454    0.4831    0.1947   0.04862   0.01525    0.0291
     22/99     14.8G   0.05153   0.02003   0.02412   0.09569       105      1024    0.6741    0.4737     0.499    0.2024   0.04786   0.01471   0.02562
     23/99     14.8G   0.05055   0.02063   0.02426   0.09544       116      1024    0.6066    0.4831    0.4897    0.2017   0.04674   0.01686   0.02597
     24/99     14.8G   0.05089   0.01999   0.02329   0.09417       125      1024    0.6989    0.4439    0.5054    0.2061   0.04706   0.01544   0.02561
     25/99     14.8G   0.05079    0.0205   0.02333   0.09462       118      1024    0.6972    0.5046    0.5409    0.2238   0.04587   0.01457   0.02169
     26/99     14.8G   0.04989   0.02002   0.02215   0.09205       107      1024    0.7331    0.5141    0.5607    0.2476   0.04505   0.01421   0.02317
     27/99     14.8G   0.05099   0.02001   0.02265   0.09365       128      1024    0.7107    0.4794    0.5407    0.2268   0.04648   0.01437   0.02219
     28/99     14.8G   0.04949   0.01941   0.02179   0.09069        98      1024    0.7255    0.5371    0.5642    0.2475   0.04375   0.01359   0.01995
     29/99     14.8G   0.04987   0.01964   0.02146   0.09097       129      1024     0.719    0.4986    0.5332    0.2148   0.04503   0.01386   0.02042
     30/99     14.8G   0.05017   0.02008   0.02256   0.09281       127      1024    0.6658    0.4952    0.5052    0.2096   0.04541   0.01469   0.02117
     31/99     14.8G   0.04895   0.01954   0.02093   0.08941       141      1024     0.765    0.5021    0.5742    0.2542   0.04462   0.01404   0.01896
     32/99     14.8G   0.04878   0.01953   0.02113   0.08944       107      1024    0.7651    0.4965    0.5818    0.2459   0.04462   0.01407    0.0195
     33/99     14.8G   0.04946   0.01961    0.0204   0.08947       106      1024    0.7197     0.498    0.5507     0.232   0.04552   0.01419   0.02095
     34/99     14.8G   0.04877   0.01966   0.02156   0.08998       109      1024    0.7508    0.4867    0.5518    0.2318   0.04539   0.01478   0.02083
     35/99     14.8G   0.04885   0.01948   0.02054   0.08887       115      1024    0.6919    0.5252    0.5705    0.2408   0.04435   0.01423   0.02023
     36/99     14.8G   0.04884   0.01953   0.02021   0.08858       105      1024    0.7095    0.5489    0.5885    0.2625   0.04322   0.01375   0.02129
     37/99     14.8G   0.04811   0.01964   0.02043   0.08818       132      1024    0.7106    0.5179    0.5665    0.2548   0.04432   0.01463   0.01978
     38/99     14.8G   0.04702   0.01927   0.01959   0.08589       102      1024    0.7614    0.5622    0.6169    0.2823   0.04266   0.01328   0.01748
     39/99     14.8G   0.04829   0.01936   0.01923   0.08687        94      1024    0.7958    0.5269    0.5974    0.2703   0.04294   0.01351   0.01824
     40/99     14.8G   0.04812   0.02005   0.01997   0.08814       125      1024    0.7272     0.538    0.5766    0.2577   0.04359   0.01433   0.02186
     41/99     14.8G   0.04717   0.01874   0.01833   0.08423       103      1024    0.8064    0.5523    0.6088    0.2918    0.0422   0.01319    0.0168
     42/99     14.8G   0.04818   0.01921   0.01931    0.0867       119      1024     0.807    0.5181    0.6062    0.2659   0.04334   0.01369   0.01746
     43/99     14.8G   0.04762   0.01924   0.01918   0.08603        90      1024    0.7844    0.5483    0.6161    0.2925   0.04142   0.01322   0.01705
     44/99     14.8G   0.04674   0.01899   0.01819   0.08392       121      1024     0.816    0.5352    0.6169    0.2916   0.04171   0.01342   0.01703
     45/99     14.8G   0.04647   0.01922   0.01908   0.08477       112      1024     0.815    0.5416    0.6095    0.2918   0.04177   0.01409   0.01698
     46/99     14.8G   0.04577   0.01873   0.01823   0.08273       125      1024    0.7436    0.5493    0.6082    0.2909   0.04198   0.01301   0.01773
     47/99     14.8G   0.04634   0.01847    0.0176   0.08241        96      1024    0.7848      0.57    0.6289    0.3017   0.04053   0.01287   0.01743
     48/99     14.8G   0.04523   0.01846   0.01727   0.08096       119      1024    0.7808     0.565    0.6303    0.2963   0.04132   0.01308   0.01692
     49/99     14.8G   0.04563     0.019   0.01758   0.08221       123      1024    0.8132    0.5534    0.6377    0.3114   0.04092   0.01339   0.01703
     50/99     14.8G   0.04438   0.01845    0.0168   0.07963       107      1024    0.7931    0.5779    0.6483    0.3067   0.03963   0.01305   0.01635
     51/99     14.8G   0.04551   0.01833   0.01646    0.0803       101      1024    0.7857    0.5777    0.6342    0.3059   0.04098   0.01292   0.01624
     52/99     14.8G   0.04442   0.01839   0.01602   0.07882       116      1024    0.8154    0.5537    0.6288    0.3089   0.04011   0.01278   0.01854
     53/99     14.8G   0.04433   0.01852   0.01667   0.07951        89      1024    0.8007    0.5832     0.655    0.3187   0.04028   0.01289   0.01491
     54/99     14.8G   0.04474   0.01844   0.01656   0.07974       145      1024    0.8317    0.5495    0.6503     0.319   0.03987   0.01288   0.01603
     55/99     14.8G   0.04401   0.01793   0.01653   0.07847        85      1024    0.8298    0.5569    0.6393    0.3122   0.04036   0.01293   0.01654
     56/99     14.8G   0.04366   0.01824   0.01546   0.07735        88      1024    0.8124    0.5558    0.6484    0.3246   0.03939   0.01272   0.01517
     57/99     14.8G   0.04351   0.01797   0.01598   0.07746        93      1024    0.8129    0.5794    0.6381    0.3183   0.03995   0.01288   0.01534
     58/99     14.8G   0.04392   0.01792   0.01505   0.07689       124      1024    0.8256    0.5915     0.662    0.3371   0.03822   0.01238   0.01425
     59/99     14.8G   0.04358   0.01771   0.01476   0.07605       112      1024    0.8017    0.6081    0.6765    0.3371   0.03804   0.01229   0.01435
     60/99     14.8G   0.04321   0.01785   0.01477   0.07584       107      1024    0.8237    0.5938     0.659    0.3424   0.03802   0.01224   0.01512
     61/99     14.8G   0.04277    0.0181   0.01515   0.07602       149      1024    0.8389    0.5939    0.6664    0.3245   0.03934   0.01232   0.01473
     62/99     14.8G   0.04408   0.01797   0.01515    0.0772        96      1024    0.8641    0.5869    0.6757    0.3398   0.03872   0.01229    0.0143
     63/99     14.8G   0.04246    0.0178   0.01436   0.07462       121      1024      0.84    0.5884    0.6602    0.3395    0.0379   0.01229   0.01535
     64/99     14.8G   0.04189   0.01744   0.01404   0.07337       138      1024    0.8363     0.597    0.6755    0.3387   0.03752   0.01198    0.0142
     65/99     14.8G   0.04131   0.01675   0.01326   0.07132       120      1024    0.8501    0.5979    0.6762    0.3481   0.03698   0.01205   0.01566
     66/99     14.8G   0.04217   0.01724   0.01382   0.07324        94      1024    0.8488    0.5787    0.6602    0.3371   0.03742   0.01221   0.01464
     67/99     14.8G    0.0414   0.01717   0.01374   0.07232       104      1024    0.8332    0.5895    0.6703     0.342   0.03741    0.0121   0.01423
     68/99     14.8G    0.0421   0.01709   0.01408   0.07327       145      1024    0.8466    0.5995    0.6857    0.3556   0.03675   0.01219   0.01435
     69/99     14.8G   0.04135    0.0169   0.01359   0.07184        98      1024    0.8197    0.6057    0.6667    0.3533   0.03656   0.01208   0.01525
     70/99     14.8G   0.04108   0.01729   0.01331   0.07168        90      1024    0.8514    0.6157    0.6801    0.3576   0.03667   0.01195   0.01353
     71/99     14.8G   0.04094   0.01685   0.01304   0.07083        92      1024    0.7975    0.6321    0.6767    0.3585   0.03625   0.01204   0.01394
     72/99     14.8G    0.0409   0.01708   0.01298   0.07097       117      1024    0.8478    0.6225    0.6764    0.3566   0.03615   0.01179    0.0136
     73/99     14.8G   0.03995   0.01673    0.0133   0.06999       108      1024     0.835     0.621    0.6904     0.364   0.03527   0.01171   0.01426
     74/99     14.8G   0.03955   0.01671   0.01254   0.06881       108      1024    0.8851    0.5904    0.7034     0.375   0.03525   0.01163   0.01373
     75/99     14.8G   0.03987   0.01633   0.01235   0.06854       100      1024    0.8599    0.5988    0.6932    0.3724   0.03578   0.01193   0.01416
     76/99     14.8G   0.03984    0.0166   0.01189   0.06832       128      1024     0.838    0.6263    0.6995     0.375   0.03557   0.01166   0.01317
     77/99     14.8G   0.03973   0.01676   0.01206   0.06855       104      1024    0.8455    0.6257    0.7005    0.3745    0.0354   0.01171    0.0138
     78/99     14.8G   0.03935   0.01637   0.01206   0.06778       136      1024    0.8412    0.6178    0.6954    0.3704   0.03532   0.01163   0.01359
     79/99     14.8G   0.03899   0.01654   0.01194   0.06747       112      1024    0.8442    0.6276    0.6896    0.3778   0.03504   0.01152   0.01447
     80/99     14.8G   0.03851   0.01643   0.01188   0.06682       107      1024    0.8724    0.6345    0.7048    0.3742   0.03519   0.01153   0.01347
     81/99     14.8G   0.03894   0.01642    0.0117   0.06706       103      1024    0.8597    0.6287    0.7041    0.3825   0.03473   0.01134   0.01332
     82/99     14.8G   0.03886   0.01606   0.01139   0.06631       101      1024    0.8359    0.6524    0.7015    0.3843   0.03448   0.01149    0.0137
     83/99     14.8G   0.03842   0.01612   0.01108   0.06562       129      1024    0.8672    0.6204    0.7059    0.3883   0.03391   0.01138   0.01367
     84/99     14.8G   0.03799   0.01603    0.0105   0.06452       105      1024    0.8716    0.6375    0.7055     0.391   0.03408   0.01138   0.01364
     85/99     14.8G   0.03785   0.01599   0.01082   0.06466        97      1024    0.8564    0.6165    0.6925    0.3831   0.03423   0.01135   0.01521
     86/99     14.8G   0.03812   0.01629   0.01062   0.06504        93      1024    0.8617    0.6325    0.7075    0.3869   0.03451   0.01143   0.01433
     87/99     14.8G   0.03785     0.016   0.01076   0.06461       125      1024    0.8697    0.6258    0.7058    0.3912   0.03381   0.01136   0.01344
     88/99     14.8G   0.03792   0.01618   0.01026   0.06436       104      1024    0.8461    0.6458    0.7137    0.3899   0.03412   0.01128   0.01398
     89/99     14.8G   0.03723   0.01584   0.01068   0.06376       119      1024    0.8692    0.6357    0.7135    0.3912   0.03422   0.01118   0.01272
     90/99     14.8G   0.03723   0.01555   0.01001   0.06279       106      1024     0.873    0.6427    0.7255    0.4012   0.03362   0.01113   0.01285
     91/99     14.8G   0.03745    0.0158   0.00977   0.06302        86      1024    0.8837    0.6364    0.7164    0.3922   0.03393   0.01121   0.01354
     92/99     14.8G   0.03703   0.01584  0.009653   0.06252       103      1024    0.8784    0.6367    0.7142    0.3917   0.03394   0.01126   0.01346
     93/99     14.8G    0.0373   0.01565   0.00981   0.06277       126      1024    0.8901    0.6367    0.7114    0.3961   0.03382   0.01116   0.01354
     94/99     14.8G   0.03695   0.01567  0.009562   0.06219       108      1024     0.861    0.6467    0.7127    0.3934   0.03392   0.01112   0.01387
     95/99     14.8G   0.03665   0.01545  0.009307   0.06141       135      1024    0.8615    0.6442    0.7089     0.395   0.03372    0.0112   0.01343
     96/99     14.8G   0.03573   0.01539  0.009297   0.06042       103      1024    0.8667    0.6433    0.7085    0.3949   0.03356   0.01126   0.01302
     97/99     14.8G   0.03634   0.01529  0.009014   0.06064        91      1024    0.8877    0.6291    0.7221    0.4043   0.03356   0.01103    0.0128
     98/99     14.8G   0.03655   0.01544  0.009829   0.06182        96      1024    0.8875    0.6338    0.7187    0.3995   0.03361   0.01108   0.01288
     99/99     14.8G   0.03646   0.01567  0.009256   0.06138        89      1024    0.8795    0.6266    0.7065    0.3983   0.03355   0.01103   0.01373
