      0/99     7.03G    0.1091   0.03545   0.05009    0.1946        31       800 0.0001617    0.0108 2.258e-05 4.186e-06   0.09396   0.03013   0.04499
      1/99     7.97G   0.09661   0.03301   0.04448    0.1741        20       800   0.00412    0.1635  0.001218 0.0002153   0.08217   0.02936    0.0412
      2/99     7.97G   0.07895   0.02995   0.04157    0.1505        22       800    0.2405    0.1968   0.06728   0.01329   0.06779    0.0231   0.03803
      3/99     7.97G   0.07304    0.0239   0.03758    0.1345        40       800     0.464    0.2367    0.1459   0.03729   0.06324   0.02009   0.03416
      4/99     7.97G   0.06577   0.02162   0.03543    0.1228        20       800    0.3294    0.4338    0.2198   0.06058   0.05445   0.01812   0.03183
      5/99     7.97G   0.06496   0.02053   0.03212    0.1176        26       800    0.4045    0.4437    0.2567   0.07631   0.05909   0.01725   0.03038
      6/99     7.97G   0.06308   0.01987   0.03064    0.1136        28       800    0.3116    0.4386    0.1892   0.05214   0.06312   0.01665   0.02914
      7/99     7.97G    0.0619   0.01881   0.02967    0.1104        36       800    0.4797    0.3979    0.2733   0.08303   0.05798   0.01508   0.02693
      8/99     7.97G   0.05862   0.01807   0.02835     0.105        24       800    0.4224    0.4186    0.2688   0.08264   0.05493   0.01483    0.0266
      9/99     7.97G    0.0568   0.01735   0.02763    0.1018        17       800      0.57    0.4933    0.4302    0.1767   0.04511   0.01418   0.02467
     10/99     7.97G   0.05286   0.01621   0.02515   0.09422        30       800    0.5009    0.5059    0.3943    0.1273   0.04921   0.01338   0.02394
     11/99     7.97G   0.05146   0.01604   0.02285   0.09035        29       800    0.5781     0.487    0.4483    0.1813   0.04865    0.0132   0.02414
     12/99     7.97G   0.04916    0.0152   0.02251   0.08687        24       800    0.6534    0.4788    0.4909    0.2001   0.04487    0.0127    0.0212
     13/99     7.97G   0.04855   0.01495   0.02149   0.08499        52       800    0.7012    0.4963     0.525    0.2142   0.04521   0.01206   0.01981
     14/99     7.97G   0.04809    0.0146   0.02125   0.08394        35       800    0.7197    0.5428    0.5701    0.2589   0.04043    0.0123   0.01849
     15/99     7.97G   0.04568   0.01437   0.01892   0.07896        23       800    0.7771    0.5133    0.5838    0.2641   0.04083   0.01175    0.0177
     16/99     7.97G   0.04514     0.014   0.01797   0.07711        30       800      0.79    0.5627    0.6173    0.2938   0.03933   0.01132   0.01647
     17/99     7.97G   0.04498   0.01384   0.01637   0.07519        33       800    0.7691    0.5608    0.5953    0.2649   0.04406   0.01128   0.01723
     18/99     7.97G   0.04489    0.0139   0.01703   0.07581        44       800    0.7405    0.5466    0.5857    0.2724   0.04026    0.0115    0.0193
     19/99     7.97G    0.0433   0.01381   0.01545   0.07256        23       800    0.7604    0.5755     0.618    0.2875   0.03978    0.0115   0.01595
     20/99     7.97G   0.04309   0.01318   0.01512   0.07139        27       800    0.8265     0.565    0.6386    0.3143   0.03791   0.01097   0.01537
     21/99     7.97G   0.04268   0.01296   0.01397    0.0696        43       800    0.8288    0.5966    0.6473    0.3121    0.0386   0.01074   0.01389
     22/99     7.97G   0.04096   0.01314   0.01399   0.06809        27       800    0.8197     0.595    0.6414    0.3229   0.03801    0.0106   0.01472
     23/99     7.97G   0.04115   0.01288   0.01283   0.06687        26       800    0.7935    0.6225    0.6647     0.343   0.03692   0.01055   0.01391
     24/99     7.97G   0.04129   0.01268   0.01213    0.0661        38       800    0.8529    0.5933    0.6688    0.3442   0.03651   0.01046   0.01376
     25/99     7.97G   0.04056   0.01241   0.01243   0.06541        32       800     0.819    0.5967    0.6551    0.3239    0.0369   0.01059   0.01398
     26/99     7.97G   0.03989   0.01235   0.01158   0.06382        44       800    0.8303    0.6395    0.6798    0.3598   0.03536   0.01038   0.01223
     27/99     7.97G   0.03918   0.01197   0.01133   0.06248        39       800    0.8241     0.601    0.6571    0.3388   0.03568   0.01045   0.01413
     28/99     7.97G   0.03907   0.01255   0.01175   0.06337        37       800    0.8424    0.6241     0.682      0.37   0.03358    0.0102   0.01356
     29/99     7.97G   0.03834   0.01198   0.01109   0.06142        21       800    0.8545    0.6187    0.6721    0.3539   0.03386   0.01001     0.014
     30/99     7.97G   0.03773   0.01174   0.01084   0.06032        50       800    0.8462    0.6341    0.6896    0.3762   0.03426  0.009956   0.01206
     31/99     7.97G    0.0388   0.01193   0.01056    0.0613        24       800    0.8244     0.624    0.6581    0.3541   0.03352   0.01004   0.01476
     32/99     7.97G   0.03706   0.01174    0.0096    0.0584        22       800    0.8677    0.5946    0.6822    0.3836   0.03431  0.009967   0.01276
     33/99     7.97G   0.03586    0.0114   0.01022   0.05748        22       800    0.8202    0.6501    0.6851    0.3766    0.0328  0.009708   0.01331
     34/99     7.97G   0.03689   0.01188  0.009179   0.05795        31       800    0.8577    0.6209    0.6905    0.3815   0.03361  0.009827   0.01259
     35/99     7.97G   0.03539   0.01133  0.008968   0.05569        28       800     0.847    0.6568    0.7068    0.3807   0.03322  0.009629   0.01185
     36/99     7.97G   0.03485   0.01153  0.008608   0.05499        26       800    0.8659    0.6416    0.7128       0.4   0.03242  0.009457    0.0116
     37/99     7.97G   0.03468   0.01113  0.009076   0.05488        43       800    0.8516    0.6576    0.7098    0.3973   0.03164  0.009438   0.01195
     38/99     7.97G   0.03465   0.01136  0.008611   0.05463        35       800    0.8341    0.6523     0.706    0.3938   0.03324   0.00965   0.01203
     39/99     7.97G   0.03488    0.0117   0.00936   0.05594        36       800    0.8551    0.6297    0.7025    0.3895   0.03196  0.009643   0.01168
     40/99     7.97G   0.03438   0.01134  0.009739   0.05547        34       800    0.8496    0.6213    0.6909    0.3746   0.03336  0.009612   0.01375
     41/99     7.97G   0.03449   0.01131  0.009025   0.05482        20       800    0.8433    0.6618    0.7157    0.4071   0.03145  0.009398   0.01243
     42/99     7.97G   0.03279   0.01105  0.007951    0.0518        32       800    0.8642    0.6346    0.6992    0.3934   0.03187  0.009474   0.01173
     43/99     7.97G   0.03291   0.01081  0.008014   0.05173        29       800    0.8285    0.6659    0.7064    0.4068   0.03144  0.009436   0.01213
     44/99     7.97G   0.03331   0.01134  0.007656    0.0523        18       800    0.8714    0.6391    0.7185    0.4114   0.03163  0.009495   0.01256
     45/99     7.97G   0.03257   0.01076  0.009055   0.05239        36       800    0.8595     0.648    0.7068    0.3935   0.03206  0.009664   0.01224
     46/99     7.97G   0.03276   0.01108  0.007861    0.0517        32       800    0.8588    0.6466    0.7136    0.4105   0.03106  0.009581   0.01226
     47/99     7.97G   0.03241   0.01081  0.007901   0.05112        32       800    0.8661     0.635    0.6996    0.4044   0.03142  0.009242    0.0126
     48/99     7.97G   0.03067   0.01047  0.007066   0.04821        27       800    0.8466    0.6501    0.7014    0.4056   0.03104   0.00938   0.01176
     49/99     7.97G   0.03205   0.01047  0.006876    0.0494        30       800    0.8676    0.6359    0.7039    0.4024   0.03064  0.009365    0.0121
     50/99     7.97G   0.03146   0.01038  0.006924   0.04876        28       800     0.853    0.6311    0.6994    0.4051   0.03116  0.009332   0.01306
     51/99     7.97G   0.03119    0.0105  0.006918    0.0486        24       800    0.8615    0.6591    0.7086    0.4134   0.03094  0.009166   0.01204
     52/99     7.97G   0.03109   0.01017   0.00718   0.04844        22       800    0.8629    0.6513    0.7011    0.4128   0.03067  0.009303   0.01331
     53/99     7.97G   0.03018   0.01059  0.006971   0.04774        35       800    0.8635    0.6612     0.737    0.4367   0.03005  0.009202   0.01087
     54/99     7.97G   0.03031   0.01023  0.006629   0.04717        13       800    0.8688    0.6483    0.7175    0.4289   0.02987  0.009107   0.01162
     55/99     7.97G   0.03014   0.01019  0.006099   0.04642        44       800    0.8686    0.6713    0.7504    0.4435   0.03019  0.009034   0.01053
     56/99     7.97G   0.02872   0.01011  0.005932   0.04476        31       800    0.8515     0.661    0.7238    0.4304   0.02952  0.008982   0.01198
     57/99     7.97G    0.0299   0.01032  0.006218   0.04643        52       800    0.8252    0.6837    0.7348    0.4317   0.02963  0.009104    0.0118
     58/99     7.97G   0.02955   0.01005   0.00602   0.04562        31       800    0.8544    0.6631    0.7259    0.4342   0.02935  0.008919   0.01126
     59/99     7.97G   0.02876  0.009987  0.005766   0.04452        35       800    0.8665    0.6258    0.7164    0.4276   0.02901  0.009084    0.0127
     60/99     7.97G   0.02884   0.01013  0.005163   0.04413        28       800    0.8691    0.6584    0.7364    0.4449   0.02877  0.008977   0.01185
     61/99     7.97G   0.02863   0.01015  0.004813   0.04359        26       800    0.8462    0.6859    0.7451    0.4444   0.02897   0.00894   0.01211
     62/99     7.97G   0.02848  0.009674  0.004961   0.04311        18       800    0.8773    0.6628    0.7483    0.4416   0.02911   0.00898    0.0117
     63/99     7.97G   0.02847  0.009994   0.00501   0.04347        38       800    0.8646      0.67    0.7507    0.4532   0.02874  0.008963   0.01149
     64/99     7.97G    0.0281  0.009948  0.004822   0.04287        28       800    0.8668    0.6614    0.7669    0.4556   0.02866  0.008927     0.012
     65/99     7.97G   0.02827  0.009958   0.00472   0.04295        45       800     0.861    0.6807    0.7646    0.4633   0.02821  0.008866   0.01157
     66/99     7.97G   0.02796  0.009659  0.004977   0.04259        28       800    0.8608    0.6652    0.7593    0.4555   0.02894  0.008885   0.01178
     67/99     7.97G   0.02671  0.009169  0.005489   0.04136        14       800    0.8559    0.6691    0.7479    0.4535    0.0285  0.008798    0.0119
     68/99     7.97G   0.02709    0.0101  0.005402   0.04259        66       800    0.8744    0.6497    0.7424    0.4455   0.02878  0.008834   0.01241
     69/99     7.97G   0.02709  0.009687  0.004887   0.04167        27       800    0.8804    0.6558    0.7549    0.4583   0.02828  0.008803   0.01135
     70/99     7.97G   0.02614  0.009478  0.004366   0.03998        28       800    0.8619    0.6718    0.7606    0.4609   0.02822  0.008712   0.01169
     71/99     7.97G   0.02639  0.009353  0.004816   0.04056        27       800    0.8754    0.6719    0.7603    0.4624   0.02784  0.008847   0.01159
     72/99     7.97G    0.0263  0.009449  0.003725   0.03948        30       800    0.8724    0.6736    0.7641    0.4634   0.02845  0.008794   0.01185
     73/99     7.97G   0.02654  0.008972  0.004325   0.03984        40       800     0.869    0.6659    0.7668    0.4609   0.02817  0.008775   0.01123
     74/99     7.97G   0.02565  0.009264   0.00433   0.03925        22       800    0.8679    0.6691    0.7644    0.4597   0.02769  0.008761    0.0115
     75/99     7.97G   0.02604  0.009015  0.003844   0.03889        21       800    0.8616    0.6889    0.7825    0.4807   0.02779  0.008715   0.01119
     76/99     7.97G   0.02612  0.009426  0.004098   0.03965        38       800    0.8738    0.6668    0.7759    0.4789   0.02763  0.008812   0.01192
     77/99     7.97G   0.02576  0.009509  0.004338   0.03961        22       800    0.8851    0.6595    0.7697    0.4712   0.02776  0.008789   0.01173
     78/99     7.97G   0.02503  0.009383  0.004303   0.03871        21       800    0.8674    0.6702    0.7708    0.4718   0.02729  0.008719   0.01226
     79/99     7.97G   0.02596  0.009177  0.004118   0.03926        48       800    0.8622    0.6879    0.7802    0.4769   0.02749   0.00874   0.01203
     80/99     7.97G    0.0243  0.009027  0.003793   0.03712        28       800     0.866    0.6769    0.7883    0.4833   0.02756  0.008749   0.01176
     81/99     7.97G    0.0253  0.009317  0.004148   0.03877        24       800    0.8687     0.668    0.7768    0.4786    0.0273  0.008728    0.0115
     82/99     7.97G   0.02494  0.009441  0.003963   0.03834        46       800    0.8571    0.6872    0.7903    0.4809   0.02721   0.00877   0.01153
     83/99     7.97G   0.02442  0.009269  0.003486   0.03717        38       800    0.8853     0.668    0.7871    0.4841   0.02788  0.008831   0.01181
     84/99     7.97G   0.02512  0.009186  0.003717   0.03802        31       800    0.8745    0.6769    0.7791    0.4803   0.02747  0.008806   0.01191
     85/99     7.97G   0.02443  0.008895  0.003707   0.03703        41       800    0.8763    0.6827    0.7959    0.4891   0.02714  0.008759   0.01166
     86/99     7.97G   0.02425  0.009111  0.003654   0.03702        20       800    0.8822    0.6733    0.7916     0.484   0.02709  0.008741   0.01179
     87/99     7.97G   0.02409  0.008955  0.003682   0.03673        34       800    0.8816    0.6742    0.8056    0.4904   0.02738  0.008794   0.01167
     88/99     7.97G   0.02366  0.008944  0.003094    0.0357        32       800      0.89    0.6788    0.8032    0.4946   0.02713  0.008787   0.01111
     89/99     7.97G   0.02408  0.009039  0.003325   0.03644        39       800    0.8982    0.6611    0.7939     0.482   0.02719  0.008784   0.01191
     90/99     7.97G   0.02308  0.008834  0.002938   0.03486        34       800    0.7167    0.8067    0.7955    0.4873   0.02716  0.008735   0.01178
     91/99     7.97G   0.02425  0.008729  0.003479   0.03646        35       800    0.6998    0.8076    0.8017    0.4911   0.02707    0.0087   0.01159
     92/99     7.97G   0.02344  0.008693  0.003482   0.03562        18       800    0.6904    0.8098     0.799    0.4872   0.02707  0.008633   0.01161
     93/99     7.97G   0.02303  0.008619  0.003534   0.03518        33       800    0.8683    0.6997    0.8005    0.4922   0.02709  0.008715   0.01177
     94/99     7.97G   0.02427  0.008871  0.003651    0.0368        53       800    0.9003    0.6681    0.7986      0.49   0.02713  0.008737   0.01182
     95/99     7.97G   0.02296  0.008761  0.003239   0.03496        44       800    0.6664    0.8068    0.7957    0.4871   0.02708  0.008759   0.01168
     96/99     7.97G    0.0233  0.008817  0.003138   0.03525        22       800     0.686    0.8003     0.795     0.496   0.02677   0.00866   0.01177
     97/99     7.97G   0.02307  0.008789  0.002895   0.03475        50       800    0.6908    0.8011    0.7984    0.4944   0.02723  0.008716   0.01215
     98/99     7.97G     0.023  0.008436  0.002876   0.03431        29       800    0.7163    0.7953    0.8062    0.4969   0.02704  0.008696   0.01202
     99/99     7.97G   0.02351  0.008668  0.003105   0.03528        34       800    0.7036    0.8058    0.8096    0.5008   0.02708  0.008649   0.01196
