      0/99     10.3G   0.06913   0.02619   0.04015    0.1355        28      1024    0.5639     0.157   0.05541    0.0156   0.06731   0.09122   0.04282
      1/99     13.4G   0.06404   0.02417    0.0372    0.1254        44      1024    0.3856    0.2455    0.1281   0.03487   0.06748   0.02417   0.04107
      2/99     13.4G   0.06212   0.02365   0.03533    0.1211        48      1024    0.1462    0.4374    0.1613   0.04502   0.06285   0.02316   0.03935
      3/99     13.4G   0.06609   0.02522   0.03796    0.1293        35      1024    0.5962    0.1538    0.1016   0.02591   0.07385   0.04424   0.04275
      4/99     13.4G   0.06236   0.02335   0.03637    0.1221        39      1024    0.3788      0.32    0.2471   0.07838   0.05623   0.02006   0.03707
      5/99     13.4G   0.05855   0.02287   0.03515    0.1166        43      1024   0.05116    0.1997   0.03352    0.0101     0.068     1.473   0.04224
      6/99     13.4G   0.05759   0.02306   0.03345    0.1141        33      1024    0.4151    0.4228    0.2756    0.0886   0.05667   0.01914   0.03635
      7/99     13.4G     0.056   0.02188   0.03301    0.1109        23      1024    0.4024    0.3968    0.2734   0.09268     0.054   0.01814   0.03648
      8/99     13.4G   0.05427    0.0216   0.03148    0.1074        27      1024    0.5152    0.4022     0.338    0.1194   0.05466   0.01623   0.03465
      9/99     13.4G   0.05414   0.02174   0.03073    0.1066        22      1024    0.4517    0.4626    0.3398    0.1168   0.05415   0.01674   0.03324
     10/99     13.4G   0.05482    0.0218   0.03141     0.108        35      1024    0.4861    0.4797     0.384    0.1527   0.04777   0.01611   0.03256
     11/99     13.4G   0.05425   0.02144   0.02994    0.1056        63      1024    0.4297    0.4877    0.3773    0.1408   0.05089   0.01649   0.03267
     12/99     13.4G   0.05322   0.02157   0.02978    0.1046        20      1024     0.497    0.4676    0.3927     0.149   0.05042   0.01589   0.03108
     13/99     13.4G   0.05272   0.02105   0.02947    0.1032        37      1024    0.4783    0.5236    0.3914    0.1508     0.051    0.0154   0.03272
     14/99     13.4G   0.05286   0.02106   0.02933    0.1033        53      1024    0.6048      0.42     0.445    0.1764    0.0477   0.01537   0.03009
     15/99     13.4G   0.05144   0.02151   0.02878    0.1017        21      1024    0.5933    0.4497    0.4454    0.1928   0.04616   0.01506   0.02842
     16/99     13.4G   0.05162   0.02092   0.02807    0.1006        44      1024     0.574    0.4496    0.4309    0.1791   0.04727   0.01509    0.0284
     17/99     13.4G   0.05075   0.02044   0.02751    0.0987        33      1024    0.6303    0.4652    0.4782    0.1989   0.04604   0.01501   0.02694
     18/99     13.4G   0.05163   0.02085   0.02736   0.09985        25      1024    0.6037    0.4797    0.4634    0.1916   0.04587   0.01606   0.02747
     19/99     13.5G   0.05064   0.02083   0.02729   0.09877        52      1024    0.6083    0.5036     0.488    0.2064   0.04742   0.01486   0.02672
     20/99     13.5G   0.04963   0.02012    0.0266   0.09634        40      1024    0.5778    0.5271    0.4974    0.2191    0.0456   0.01506    0.0251
     21/99     13.5G     0.051   0.02071   0.02596   0.09766        27      1024    0.5814    0.4611    0.4721    0.1929   0.05139   0.01613   0.02836
     22/99     13.5G   0.04992   0.02017   0.02538   0.09547        48      1024    0.5323    0.5061    0.4087    0.1669   0.04637   0.01454   0.02473
     23/99     13.5G      0.05   0.02068    0.0253   0.09598        32      1024     0.619     0.498    0.4904    0.2023   0.04689   0.01543   0.02607
     24/99     13.5G   0.04983   0.02024   0.02514   0.09521        40      1024    0.6055    0.5065    0.5015     0.226   0.04485   0.01546    0.0243
     25/99     13.5G   0.04915   0.01965   0.02426   0.09306        32      1024    0.6522    0.5449    0.5451    0.2433    0.0438   0.01396   0.02274
     26/99     13.5G   0.04916   0.02022   0.02349   0.09288        19      1024    0.6527    0.5156    0.5523    0.2419   0.04472   0.01461   0.02201
     27/99     13.5G    0.0491   0.01996    0.0242   0.09325        27      1024    0.7181    0.4768    0.5352    0.2396   0.04395   0.01447   0.02359
     28/99     13.5G     0.048   0.01979   0.02334   0.09113        50      1024    0.7218    0.5342     0.575    0.2644    0.0439   0.01412   0.02156
     29/99     13.5G    0.0485   0.01986   0.02335   0.09172        48      1024    0.6904    0.5208    0.5507    0.2501   0.04233   0.01409   0.02281
     30/99     13.5G   0.04735   0.01974   0.02234   0.08943        29      1024    0.6928    0.5217    0.5623    0.2644    0.0439   0.01411   0.02215
     31/99     13.5G   0.04784   0.01978   0.02269   0.09031        40      1024    0.7664    0.4703    0.5461    0.2376   0.04459   0.01477   0.02371
     32/99     13.5G   0.04767   0.02008   0.02338   0.09113        40      1024    0.7302    0.4773    0.5503    0.2435   0.04325   0.01457   0.02483
     33/99     13.5G   0.04805   0.01949   0.02221   0.08974        31      1024      0.69     0.562    0.5662     0.267   0.04174   0.01483   0.02169
     34/99     13.5G   0.04647   0.01929   0.02138   0.08714        50      1024    0.7566    0.4983    0.5776    0.2738   0.04228   0.01384   0.02089
     35/99     13.5G   0.04666   0.01926   0.02152   0.08744        35      1024    0.7707    0.5406    0.6001    0.2805   0.04113   0.01361   0.01986
     36/99     13.5G   0.04649   0.01942   0.02093   0.08685        29      1024     0.773    0.5009    0.5866    0.2694   0.04175   0.01377   0.01876
     37/99     13.5G   0.04752   0.01911   0.02166    0.0883        29      1024    0.7496    0.5176    0.5665    0.2581   0.04321   0.01463   0.01972
     38/99     13.5G   0.04579   0.01874   0.02065   0.08518        32      1024    0.7443    0.5602    0.6031    0.2905   0.04134   0.01351   0.02018
     39/99     13.5G   0.04624   0.01875   0.02023   0.08523        32      1024    0.7305    0.5799    0.6104    0.2843   0.04105   0.01335   0.02089
     40/99     13.5G   0.04538   0.01878   0.01948   0.08364        45      1024    0.7733    0.5141    0.6021    0.2896    0.0406   0.01523   0.01842
     41/99     13.5G   0.04573   0.01864   0.01999   0.08436        66      1024    0.7048    0.5699    0.5855    0.2832   0.04199   0.01378   0.01915
     42/99     13.5G   0.04494   0.01883   0.01907   0.08284        24      1024    0.7726    0.5534    0.6027    0.2862   0.04055    0.0138   0.01922
     43/99     13.5G     0.045   0.01839   0.01849   0.08188        26      1024    0.7657    0.5647    0.6258     0.311   0.04008   0.01347   0.01785
     44/99     13.5G   0.04484   0.01849   0.01874   0.08207        30      1024    0.7532    0.5029    0.5671    0.2735   0.04167   0.01447   0.02029
     45/99     13.5G    0.0446   0.01845   0.01825   0.08129        43      1024    0.7748    0.6023    0.6358    0.3088   0.03949   0.01318   0.01772
     46/99     13.5G   0.04454   0.01836   0.01906   0.08196        47      1024    0.7691    0.5426    0.5996    0.2868   0.04083   0.01347   0.01907
     47/99     13.5G   0.04467    0.0186   0.01979   0.08306        38      1024    0.7876    0.5649    0.6167    0.3035   0.04007   0.01381    0.0179
     48/99     13.5G   0.04367   0.01827   0.01832   0.08027        33      1024    0.7416    0.5448    0.5898    0.2799   0.03952   0.01411   0.01705
     49/99     13.5G   0.04332   0.01786   0.01795   0.07913        40      1024    0.8064    0.5716    0.6514    0.3286   0.03857   0.01289   0.01679
     50/99     13.5G   0.04403   0.01818   0.01827   0.08048        36      1024    0.7669    0.5942     0.638    0.3246   0.03939   0.01288   0.01652
     51/99     13.5G   0.04431   0.01821   0.01783   0.08034        26      1024    0.7613    0.5954    0.6456    0.3181   0.03907   0.01344    0.0186
     52/99     13.5G   0.04309   0.01795   0.01717    0.0782        40      1024    0.7738    0.5926    0.6403    0.3209   0.03838   0.01265   0.01765
     53/99     13.5G    0.0429   0.01784   0.01698   0.07772        44      1024    0.7753    0.5919    0.6614    0.3306   0.03796   0.01259   0.01758
     54/99     13.5G   0.04316   0.01826   0.01774   0.07916        16      1024    0.7732    0.5852     0.636    0.3243   0.03834   0.01321   0.01718
     55/99     13.5G   0.04189   0.01777   0.01628   0.07593        36      1024    0.7421    0.5946     0.644    0.3366   0.03778   0.01287   0.01855
     56/99     13.5G   0.04185   0.01757   0.01707   0.07649        27      1024     0.784    0.5886    0.6566    0.3443   0.03696   0.01281   0.01519
     57/99     13.5G   0.04188   0.01729   0.01617   0.07534        34      1024    0.8396     0.571    0.6524    0.3456   0.03738   0.01251   0.01537
     58/99     13.5G   0.04184   0.01758   0.01678    0.0762        22      1024    0.7945    0.6095    0.6553    0.3396   0.03711   0.01273   0.01597
     59/99     13.5G     0.042   0.01757   0.01627   0.07585        39      1024    0.8037    0.6224    0.6681    0.3465   0.03688   0.01238   0.01544
     60/99     13.5G   0.04155   0.01742   0.01555   0.07452        24      1024    0.8168    0.5931    0.6628    0.3518   0.03648   0.01272   0.01628
     61/99     13.5G   0.04183   0.01735   0.01609   0.07526        23      1024    0.8243      0.59    0.6708    0.3547   0.03614   0.01233   0.01601
     62/99     13.5G   0.04116   0.01719   0.01518   0.07352        33      1024    0.8012    0.6078    0.6673    0.3617   0.03586   0.01197   0.01624
     63/99     13.5G   0.04079   0.01714   0.01484   0.07277        33      1024    0.7873    0.6323    0.6681    0.3595   0.03523   0.01199   0.01476
     64/99     13.5G   0.04031   0.01711   0.01498    0.0724        38      1024    0.7943     0.622    0.6745    0.3612   0.03516   0.01231   0.01527
     65/99     13.5G   0.03982   0.01699   0.01462   0.07142        32      1024    0.8037    0.6147    0.6705    0.3598   0.03538    0.0122   0.01744
     66/99     13.5G    0.0398   0.01651   0.01374   0.07004        44      1024    0.8123    0.6294     0.684    0.3712    0.0349    0.0119    0.0144
     67/99     13.5G   0.03965   0.01679   0.01451   0.07095        50      1024    0.7832    0.6451    0.6798    0.3709   0.03502   0.01206   0.01488
     68/99     13.5G   0.03948   0.01678   0.01472   0.07098        44      1024     0.783     0.664    0.6823    0.3729   0.03475   0.01195     0.014
     69/99     13.5G   0.03917   0.01653   0.01403   0.06972        32      1024    0.7995    0.6395    0.6885    0.3823   0.03445   0.01183   0.01442
     70/99     13.5G    0.0388   0.01641   0.01378   0.06899        24      1024    0.7952    0.6407    0.6826     0.372   0.03548   0.01181   0.01498
     71/99     13.5G   0.03838   0.01628   0.01327   0.06793        53      1024    0.8268    0.6293    0.6957    0.3845   0.03409   0.01157   0.01391
     72/99     13.5G   0.03907   0.01621   0.01391   0.06918        30      1024    0.8504    0.5973    0.6864    0.3753   0.03491   0.01192   0.01505
     73/99     13.5G   0.03842   0.01679   0.01382   0.06904        22      1024    0.8295    0.6269    0.7083    0.3883   0.03385   0.01174   0.01431
     74/99     13.5G   0.03817    0.0164   0.01323    0.0678        41      1024      0.84     0.635     0.706    0.3859    0.0338    0.0116   0.01334
     75/99     13.5G   0.03805   0.01624   0.01384   0.06814        43      1024    0.8372    0.6228     0.704    0.3877   0.03424   0.01161   0.01375
     76/99     13.5G   0.03711   0.01598   0.01256   0.06566        32      1024    0.8131    0.6289    0.6999    0.3937   0.03364    0.0116   0.01414
     77/99     13.5G   0.03756    0.0161   0.01232   0.06598        43      1024    0.8221    0.6395    0.7092    0.3999   0.03311    0.0114   0.01401
     78/99     13.5G   0.03722   0.01609   0.01292   0.06622        34      1024    0.8495    0.6173    0.7116    0.3973     0.033   0.01155   0.01376
     79/99     13.5G    0.0373   0.01599   0.01281    0.0661        38      1024    0.8646    0.6102     0.704    0.3977   0.03338   0.01133   0.01342
     80/99     13.5G   0.03724   0.01553   0.01182    0.0646        40      1024    0.8522    0.6246    0.7111     0.402    0.0328   0.01145   0.01367
     81/99     13.5G   0.03685    0.0158   0.01173   0.06439        47      1024    0.8404    0.6332    0.7053    0.4046   0.03252   0.01122   0.01469
     82/99     13.5G   0.03655   0.01574   0.01185   0.06414        22      1024    0.8548    0.6308    0.7064    0.4045   0.03269    0.0112   0.01437
     83/99     13.5G   0.03676   0.01581   0.01179   0.06436        29      1024     0.852    0.6439    0.7216    0.4179   0.03259   0.01104   0.01353
     84/99     13.5G   0.03586   0.01536   0.01103   0.06225        46      1024    0.8146    0.6641    0.7223    0.4128    0.0323   0.01116    0.0137
     85/99     13.5G   0.03614   0.01532   0.01146   0.06292        34      1024    0.8278     0.662    0.7232    0.4113    0.0325   0.01108   0.01365
     86/99     13.5G   0.03599   0.01557   0.01098   0.06254        48      1024    0.8632    0.6432    0.7262     0.409   0.03245   0.01105   0.01341
     87/99     13.5G   0.03553   0.01573   0.01153   0.06279        44      1024    0.8443    0.6488    0.7317     0.421   0.03205   0.01101   0.01299
     88/99     13.5G   0.03556   0.01569   0.01119   0.06245        33      1024    0.8832    0.6189    0.7202    0.4134    0.0321    0.0111   0.01379
     89/99     13.5G   0.03593    0.0153   0.01077     0.062        38      1024    0.8548    0.6519    0.7288    0.4215   0.03187   0.01104   0.01325
     90/99     13.5G    0.0356   0.01529   0.01033   0.06123        42      1024    0.8576    0.6526    0.7409    0.4202   0.03206   0.01103   0.01326
     91/99     13.5G   0.03512   0.01518   0.01026   0.06056        29      1024    0.7916       0.7    0.7532    0.4302   0.03201   0.01101   0.01289
     92/99     13.5G   0.03491   0.01504  0.009774   0.05973        20      1024    0.8004    0.7066    0.7455    0.4269   0.03177     0.011   0.01358
     93/99     13.5G   0.03449   0.01515   0.01005   0.05969        43      1024    0.6851    0.7418    0.7438    0.4323   0.03181   0.01092   0.01306
     94/99     13.5G   0.03495   0.01533   0.01072   0.06101        36      1024    0.8567    0.6546    0.7436    0.4339   0.03166   0.01093   0.01355
     95/99     13.5G   0.03482   0.01499  0.009948   0.05976        41      1024    0.7806    0.7195    0.7519    0.4317   0.03153   0.01096    0.0133
     96/99     13.5G   0.03502   0.01522   0.01038   0.06062        44      1024    0.8583    0.6423    0.7335    0.4296   0.03166   0.01096   0.01346
     97/99     13.5G    0.0346   0.01504   0.01008   0.05972        27      1024    0.6968    0.7053     0.737    0.4327    0.0315    0.0109   0.01376
     98/99     13.5G   0.03512    0.0155   0.01068   0.06129        48      1024    0.8222     0.693    0.7558    0.4372   0.03151   0.01102   0.01365
     99/99     13.5G   0.03427   0.01495  0.009995   0.05922        29      1024    0.8708    0.6533    0.7431    0.4315    0.0314   0.01093   0.01386
