     0/199     7.34G   0.06857   0.02836   0.04151    0.1384       107      1024     0.673    0.1705    0.1508   0.04064   0.07123    0.0197   0.04262
     1/199     14.9G   0.05821   0.02163   0.03427    0.1141        93      1024    0.6315    0.2094    0.1617   0.05378   0.06165   0.03378   0.04448
     2/199     14.8G   0.05685   0.02097   0.03204    0.1099       105      1024     0.502    0.2739    0.1941   0.05997   0.05925    0.0591   0.03777
     3/199     14.8G   0.05729   0.02185   0.03206    0.1112       121      1024    0.4288    0.4035    0.3071    0.1086    0.0527   0.01644   0.03543
     4/199     14.8G   0.05599   0.02184   0.03076    0.1086       105      1024    0.6363    0.2453    0.1897   0.06535    0.0565   0.04687   0.04289
     5/199     14.8G   0.05561    0.0215   0.03046    0.1076       109      1024    0.3805    0.3099    0.2159   0.07791   0.07973   0.01707     0.203
     6/199     14.8G   0.05408   0.02142   0.02914    0.1046        92      1024    0.5182     0.411    0.3527    0.1355   0.05262   0.01855   0.03465
     7/199     14.8G   0.05421    0.0215   0.02894    0.1047       167      1024    0.5137    0.4222    0.3461    0.1144   0.05447    0.0169   0.02928
     8/199     14.8G   0.05311   0.02064     0.028    0.1018        91      1024    0.5459     0.424    0.4092    0.1486   0.05024   0.01668   0.03478
     9/199     14.8G   0.05407   0.02132   0.02861     0.104       106      1024    0.6164    0.4417    0.4356    0.1607   0.04993    0.0155   0.02974
    10/199     14.8G   0.05108   0.01987   0.02652   0.09747       132      1024    0.5767    0.4799    0.4702       0.2   0.04703   0.01486   0.03186
    11/199     14.8G   0.05098   0.02044   0.02648    0.0979       119      1024    0.6238    0.4564    0.4503    0.1821   0.04739   0.01505   0.03038
    12/199     14.8G   0.04985   0.01963   0.02546   0.09494        98      1024     0.627    0.4036    0.4265    0.1778   0.04932   0.01519   0.03126
    13/199     14.8G   0.04986   0.02005   0.02512   0.09504       116      1024     0.596    0.4751     0.458    0.1858   0.04881   0.01646   0.02674
    14/199     14.8G   0.04875    0.0195   0.02403   0.09228       110      1024    0.6299    0.4917    0.4723    0.2146   0.04606   0.01567   0.02645
    15/199     14.8G   0.04872    0.0194   0.02413   0.09225       112      1024    0.6374    0.5124    0.5373    0.2227   0.04408   0.01431   0.02452
    16/199     14.8G   0.04918   0.01939    0.0231   0.09167       119      1024     0.657    0.4699    0.4901    0.2066   0.04541   0.01608   0.02407
    17/199     14.8G   0.04914   0.01951   0.02396   0.09261       115      1024     0.714    0.3832    0.4573    0.1783   0.05116   0.01708   0.02822
    18/199     14.8G   0.04862    0.0195   0.02267    0.0908       119      1024    0.7311    0.4828    0.5305    0.2237   0.04521   0.01431   0.02496
    19/199     14.8G   0.04912   0.01971   0.02247    0.0913       118      1024    0.7486    0.5128    0.5681     0.237   0.04523   0.01379    0.0217
    20/199     14.8G   0.04862   0.01956   0.02311   0.09129        99      1024    0.6976    0.5405    0.5438    0.2437   0.04437   0.01428   0.02166
    21/199     14.8G    0.0478   0.01922   0.02144   0.08846        97      1024     0.665    0.5015    0.5044    0.2207   0.04825   0.01564   0.02556
    22/199     14.8G   0.04875   0.01932    0.0209   0.08897        97      1024     0.764    0.5008    0.5775    0.2514    0.0452   0.01379   0.02123
    23/199     14.8G   0.04821   0.01972   0.02181   0.08974       101      1024    0.6789    0.4754    0.5355    0.2333   0.04557   0.01579   0.02328
    24/199     14.8G    0.0474   0.01931   0.02069   0.08741       127      1024    0.6989    0.4633    0.5059    0.2257   0.04819   0.01535   0.02297
    25/199     14.8G   0.04917   0.01972   0.02193   0.09082       126      1024    0.7203     0.474    0.5062    0.2067   0.08418       nan    0.3774
    26/199     14.8G   0.04819    0.0192   0.02008   0.08746       121      1024    0.7878    0.5044    0.5979    0.2513   0.04542   0.01361   0.01811
    27/199     14.8G   0.04794   0.01916   0.02017   0.08727       120      1024    0.7149     0.564    0.5822     0.263   0.04453   0.01378   0.02064
    28/199     14.8G   0.04763   0.01903   0.02081   0.08747       109      1024    0.7044    0.4684    0.5117    0.2233    0.0465   0.01506   0.02383
    29/199     14.8G   0.04743   0.01903   0.02025   0.08672       139      1024    0.7614    0.5406    0.6131    0.2819   0.04258   0.01359     0.019
    30/199     14.8G   0.04784   0.01886   0.01936   0.08607       115      1024    0.7765    0.5447    0.6248    0.2756   0.04276   0.01317   0.01868
    31/199     14.8G   0.04634   0.01874   0.02005   0.08514       139      1024    0.6642    0.5668    0.5576    0.2508   0.04435   0.01465   0.01944
    32/199     14.8G   0.04641   0.01883   0.01946    0.0847       107      1024    0.7812    0.5507    0.6322    0.2701   0.04347   0.01346   0.01708
    33/199     14.8G    0.0466   0.01869   0.01886   0.08415       115      1024    0.7153    0.5602    0.5958    0.2849   0.04153   0.01368   0.01913
    34/199     14.8G   0.04645   0.01868   0.02018   0.08531        95      1024    0.7734     0.546    0.6089     0.278   0.04305   0.01347    0.0178
    35/199     14.8G   0.04667   0.01869    0.0195   0.08486       143      1024      0.76    0.5116    0.5827     0.265   0.04466   0.01395   0.01927
    36/199     14.8G   0.04736   0.01928   0.01922   0.08586       107      1024    0.6672    0.5723    0.5809     0.269   0.04334   0.01421   0.01816
    37/199     14.8G   0.04679   0.01921   0.01975   0.08575       135      1024    0.7801    0.5388    0.6082    0.2747   0.04177    0.0131   0.01896
    38/199     14.8G   0.04623   0.01878   0.01883   0.08384        90      1024    0.7501    0.5343    0.5985    0.2756    0.0418    0.0136     0.017
    39/199     14.8G   0.04635   0.01883   0.01927   0.08444        91      1024    0.7155    0.5856    0.5962    0.2741   0.04392   0.01347   0.01767
    40/199     14.8G   0.04631   0.01905   0.01857   0.08394       114      1024    0.7567    0.5649    0.6171    0.2886   0.04249   0.01313    0.0191
    41/199     14.8G   0.04587   0.01855   0.01871   0.08313        96      1024    0.7814    0.5595    0.6217    0.2931   0.04219   0.01318    0.0188
    42/199     14.8G   0.04682   0.01854   0.01772   0.08308       117      1024    0.7655     0.526    0.5983    0.2752   0.04288   0.01364   0.02115
    43/199     14.8G   0.04713   0.01909   0.01864   0.08486        91      1024    0.8201    0.5101    0.6084    0.2755    0.0426   0.01514   0.01695
    44/199     14.8G   0.04655   0.01895   0.01851   0.08401       118      1024    0.7802     0.545    0.6184    0.2867   0.04186   0.01368   0.01703
    45/199     14.8G    0.0454   0.01856   0.01824    0.0822       105      1024    0.8038    0.5517    0.6261    0.2997    0.0412   0.01282   0.01641
    46/199     14.8G   0.04619   0.01883   0.01926   0.08429       130      1024    0.7821    0.5063    0.5925    0.2707   0.04603   0.01632   0.02066
    47/199     14.8G   0.04622   0.01811   0.01844   0.08276        94      1024     0.785    0.5755    0.6277     0.287   0.04185   0.01306   0.01747
    48/199     14.8G   0.04498   0.01833   0.01761   0.08092       116      1024    0.7698    0.5681    0.6265    0.3019   0.04073   0.01368   0.01654
    49/199     14.8G   0.04455   0.01835   0.01644   0.07934       117      1024    0.7891    0.6159    0.6612    0.3339   0.03953   0.01249   0.01582
    50/199     14.8G   0.04442   0.01815    0.0178   0.08037       107      1024    0.7647     0.553    0.6362    0.3088   0.04091   0.01299   0.02111
    51/199     14.8G   0.04456   0.01864    0.0173    0.0805       108      1024    0.7829    0.5684    0.6211    0.3022   0.04078   0.01325   0.01641
    52/199     14.8G   0.04481   0.01853   0.01668   0.08002       112      1024     0.809     0.528    0.6251    0.2947   0.04151   0.01309   0.01678
    53/199     14.8G   0.04536   0.01881   0.01795   0.08212        92      1024    0.8662    0.5028    0.6276     0.308   0.04167   0.01322   0.01802
    54/199     14.8G   0.04483   0.01864   0.01768   0.08115       129      1024    0.8106    0.5769    0.6457    0.3253   0.04026   0.01238   0.01564
    55/199     14.8G   0.04487    0.0178    0.0171   0.07978        96      1024    0.8007    0.5861    0.6572    0.3169   0.03956   0.01264   0.01616
    56/199     14.8G   0.04437   0.01839   0.01633   0.07908        92      1024    0.8292    0.5811    0.6726    0.3264   0.03887   0.01238   0.01483
    57/199     14.8G   0.04429   0.01818   0.01701   0.07948        88      1024    0.7808    0.5362    0.6165    0.3124   0.04084    0.0137   0.01993
    58/199     14.8G   0.04545   0.01839   0.01679   0.08063       122      1024    0.8218    0.5696    0.6436    0.3236   0.03934   0.01277   0.01578
    59/199     14.8G   0.04414   0.01805   0.01641    0.0786       115      1024    0.8302    0.5802    0.6648    0.3301   0.03883   0.01227    0.0156
    60/199     14.8G   0.04578   0.01852   0.01793   0.08223        91      1024    0.7621     0.591    0.6551    0.3286   0.03883   0.01311   0.01652
    61/199     14.8G   0.04472   0.01842   0.01676    0.0799       142      1024    0.8047    0.5976    0.6522    0.3358   0.03827   0.01233   0.01523
    62/199     14.8G   0.04426   0.01792   0.01629   0.07847        91      1024    0.7826    0.5829    0.6465    0.3178   0.03994   0.01294   0.01577
    63/199     14.8G   0.04416   0.01861   0.01701   0.07978       116      1024    0.8197     0.535    0.6412    0.3237   0.03947   0.01322   0.01752
    64/199     14.8G   0.04483   0.01824   0.01644   0.07951       130      1024    0.8064    0.5781    0.6504    0.3206    0.0386   0.01327   0.01698
    65/199     14.8G   0.04403   0.01748   0.01615   0.07766       113      1024    0.8046    0.5616    0.6417    0.3218    0.0397   0.01293   0.01549
    66/199     14.8G   0.04434   0.01768   0.01602   0.07803        96      1024    0.7611    0.6252    0.6524    0.3323   0.03874   0.01282   0.01503
    67/199     14.8G   0.04353   0.01788   0.01554   0.07695       121      1024    0.8382    0.5796    0.6757    0.3419   0.03849    0.0125   0.01393
    68/199     14.8G   0.04361   0.01774   0.01623   0.07758       133      1024    0.8183    0.6121     0.677    0.3384   0.03829   0.01206   0.01399
    69/199     14.8G   0.04435   0.01798   0.01601   0.07834        97      1024     0.809    0.5883    0.6631    0.3484   0.03788   0.01271   0.01453
    70/199     14.8G   0.04317   0.01816   0.01529   0.07662        81      1024    0.8099    0.6204    0.6831    0.3515   0.03722   0.01192   0.01384
    71/199     14.8G   0.04408   0.01781    0.0164   0.07828        86      1024    0.8172    0.6059    0.6809    0.3509   0.03818   0.01231   0.01524
    72/199     14.8G    0.0444   0.01816   0.01635   0.07891       124      1024    0.8106    0.5854    0.6855    0.3458    0.0384    0.0124   0.01522
    73/199     14.8G   0.04386   0.01802   0.01662   0.07849       108      1024    0.8053     0.625    0.6907    0.3533   0.03819   0.01184   0.01519
    74/199     14.8G   0.04223   0.01748   0.01502   0.07474        90      1024    0.8642    0.5554    0.6859    0.3555   0.03678   0.01225   0.01451
    75/199     14.8G   0.04325   0.01745   0.01544   0.07614       101      1024    0.8893    0.5647    0.6871    0.3505    0.0381   0.01226   0.01452
    76/199     14.8G   0.04267   0.01757   0.01467   0.07491       129      1024    0.8449    0.6013    0.7035    0.3685   0.03737   0.01171   0.01373
    77/199     14.8G   0.04317   0.01792    0.0151   0.07619        98      1024    0.8293     0.585    0.6802    0.3508   0.03725   0.01183   0.01464
    78/199     14.8G   0.04206    0.0173   0.01487   0.07422       130      1024    0.8327     0.607     0.695    0.3597   0.03777   0.01202   0.01363
    79/199     14.8G   0.04191   0.01749   0.01458   0.07397       113      1024    0.8555    0.5968    0.6993    0.3684   0.03679   0.01201    0.0153
    80/199     14.8G   0.04298   0.01801   0.01537   0.07636       106      1024      0.83    0.6241    0.6809    0.3487   0.03795   0.01206   0.01386
    81/199     14.8G   0.04259    0.0175   0.01457   0.07466       104      1024    0.8235    0.6414    0.7029    0.3716   0.03633   0.01179   0.01308
    82/199     14.8G   0.04239   0.01736   0.01532   0.07507       101      1024    0.8487    0.5756    0.6655    0.3522   0.03678   0.01195   0.01418
    83/199     14.8G   0.04237   0.01757   0.01537   0.07531       130      1024    0.8312    0.6156     0.676    0.3528   0.03789   0.01212   0.01357
    84/199     14.8G   0.04179   0.01727   0.01471   0.07377       100      1024    0.8702    0.6019    0.6962    0.3671   0.03598    0.0119   0.01431
    85/199     14.8G   0.04211   0.01726   0.01433    0.0737       105      1024    0.8506    0.6145    0.6972    0.3654   0.03568   0.01162   0.01297
    86/199     14.8G   0.04234   0.01757   0.01477   0.07467        93      1024    0.8514    0.5936    0.6779    0.3615   0.03625   0.01187   0.01387
    87/199     14.8G   0.04278   0.01775   0.01428   0.07481       123      1024    0.8335     0.613    0.6966     0.365   0.03594   0.01162   0.01411
    88/199     14.8G   0.04297   0.01774   0.01511   0.07582       120      1024    0.8358    0.5979    0.6807    0.3551   0.03613   0.01218   0.01524
    89/199     14.8G    0.0419   0.01754   0.01484   0.07428       117      1024    0.8414    0.6028    0.6853    0.3675   0.03644   0.01165   0.01317
    90/199     14.8G   0.04219   0.01707    0.0147   0.07396       115      1024    0.8306    0.6299    0.7173     0.382   0.03612   0.01157   0.01282
    91/199     14.8G   0.04165   0.01707   0.01409   0.07281       101      1024    0.8345    0.6304     0.701    0.3697   0.03539   0.01162   0.01415
    92/199     14.8G   0.04149   0.01714   0.01327   0.07189       100      1024     0.878    0.6134    0.7225    0.3953    0.0348    0.0115   0.01262
    93/199     14.8G   0.04184    0.0173   0.01416   0.07331       115      1024    0.8465    0.6262    0.7176    0.3836   0.03573   0.01151   0.01327
    94/199     14.8G   0.04205    0.0172   0.01373   0.07298       100      1024    0.8492    0.6222    0.7122    0.3777   0.03559   0.01149   0.01284
    95/199     14.8G   0.04111   0.01697   0.01376   0.07184       135      1024    0.8245    0.6456    0.7109    0.3843   0.03518   0.01152    0.0137
    96/199     14.8G    0.0411   0.01722   0.01433   0.07265       106      1024    0.8596    0.6114    0.7201    0.3929   0.03477   0.01131   0.01268
    97/199     14.8G   0.04204    0.0172   0.01406    0.0733        78      1024    0.8394    0.6345    0.7059    0.3811   0.03549    0.0115   0.01406
    98/199     14.8G   0.04078   0.01694   0.01322   0.07095        84      1024    0.8734    0.6213    0.7225    0.3918   0.03515    0.0113   0.01281
    99/199     14.8G   0.04084    0.0172   0.01336    0.0714        93      1024    0.8697    0.6277    0.7148     0.386   0.03524   0.01136   0.01333
   100/199     14.8G   0.04083   0.01688   0.01309    0.0708       104      1024     0.828    0.6499    0.7126    0.3884   0.03472   0.01112   0.01299
   101/199     14.8G   0.04096   0.01685   0.01343   0.07124       111      1024    0.8655    0.6255    0.7074    0.3895    0.0346   0.01137   0.01273
   102/199     14.8G   0.04025   0.01685   0.01315   0.07025       135      1024     0.858    0.6517    0.7311     0.396   0.03434   0.01112   0.01173
   103/199     14.8G   0.04028   0.01691    0.0129   0.07009       133      1024    0.8676    0.6207    0.7035    0.3828     0.035   0.01123   0.01296
   104/199     14.8G   0.03991   0.01701   0.01344   0.07036       137      1024    0.8625    0.6399    0.7182    0.3973   0.03418    0.0112   0.01161
   105/199     14.8G   0.04021   0.01676   0.01213    0.0691        89      1024     0.862    0.6286    0.7236    0.3924    0.0345   0.01098    0.0126
   106/199     14.8G   0.04056   0.01667   0.01319   0.07042       104      1024    0.8584    0.6377    0.7214    0.3905   0.03493   0.01114    0.0123
   107/199     14.8G   0.04064   0.01677   0.01355   0.07095       127      1024    0.8637    0.6217    0.7155    0.3908   0.03441   0.01112    0.0127
   108/199     14.8G   0.04031   0.01667   0.01269   0.06967        98      1024    0.8848    0.6204     0.705    0.3941   0.03401   0.01115   0.01273
   109/199     14.8G   0.03986   0.01663   0.01248   0.06897        89      1024    0.8706    0.6286    0.7297    0.4047   0.03385    0.0111    0.0124
   110/199     14.8G   0.03969   0.01668   0.01313    0.0695       103      1024    0.8753    0.6351    0.7195    0.3951   0.03405   0.01107   0.01192
   111/199     14.8G   0.03952    0.0167   0.01263   0.06886       136      1024    0.8812    0.6269    0.7185    0.4034   0.03368   0.01112   0.01186
   112/199     14.8G   0.03985   0.01661   0.01242   0.06888       125      1024    0.8507    0.6446    0.7319    0.4045    0.0339     0.011   0.01191
   113/199     14.8G   0.03899    0.0158   0.01191   0.06671        98      1024    0.8743    0.6356    0.7201     0.407   0.03329   0.01112   0.01207
   114/199     14.8G   0.03948   0.01619   0.01229   0.06796       128      1024    0.8545    0.6528    0.7254     0.403   0.03329   0.01104   0.01225
   115/199     14.8G   0.03877   0.01615   0.01199   0.06691       102      1024    0.8923    0.6372    0.7254    0.4114   0.03297    0.0108   0.01201
   116/199     14.8G    0.0398   0.01647   0.01295   0.06921       101      1024    0.8789    0.6411    0.7281    0.4078   0.03345   0.01097   0.01236
   117/199     14.8G   0.03907   0.01643   0.01191   0.06742       111      1024    0.8586    0.6531    0.7208     0.406   0.03346   0.01088   0.01164
   118/199     14.8G   0.03929   0.01631   0.01152   0.06712       103      1024    0.8789    0.6441     0.724    0.4112    0.0331   0.01082   0.01153
   119/199     14.8G    0.0397   0.01648   0.01248   0.06865        76      1024    0.8599    0.6461    0.7267    0.4046   0.03346    0.0109     0.012
   120/199     14.8G   0.03863   0.01641   0.01201   0.06706       103      1024    0.8426    0.6607    0.7278    0.4125   0.03281   0.01073   0.01189
   121/199     14.8G   0.03902   0.01625   0.01168   0.06696        95      1024    0.8573    0.6523    0.7238    0.4115   0.03337   0.01083   0.01143
   122/199     14.8G   0.03808   0.01612   0.01144   0.06564       115      1024    0.8485     0.657    0.7226    0.4103   0.03304   0.01092   0.01207
   123/199     14.8G   0.03922   0.01625    0.0121   0.06756       120      1024    0.8531    0.6563    0.7207    0.4137    0.0331   0.01084   0.01206
   124/199     14.8G    0.0384   0.01582    0.0115   0.06572       103      1024    0.8681    0.6531    0.7337    0.4146   0.03341   0.01075   0.01158
   125/199     14.8G    0.0385   0.01598   0.01123    0.0657       102      1024    0.8703    0.6535    0.7346    0.4145   0.03338   0.01074   0.01119
   126/199     14.8G   0.03916     0.016   0.01176   0.06692        97      1024    0.8607    0.6507     0.728    0.4167   0.03307   0.01072   0.01173
   127/199     14.8G   0.03807   0.01603   0.01098   0.06507       122      1024    0.8799    0.6472    0.7315    0.4156   0.03305   0.01075   0.01142
   128/199     14.8G   0.03796   0.01611   0.01079   0.06485       100      1024    0.8843    0.6507    0.7361      0.42   0.03278   0.01071   0.01167
   129/199     14.8G   0.03803   0.01595   0.01051   0.06449       102      1024    0.8693    0.6569    0.7391    0.4234    0.0327   0.01065   0.01159
   130/199     14.8G   0.03767   0.01592   0.01108   0.06467       141      1024    0.8152    0.6936    0.7365    0.4212   0.03271   0.01071   0.01158
   131/199     14.8G   0.03795   0.01601   0.01054   0.06449       103      1024    0.8728    0.6535    0.7279    0.4187     0.033   0.01079   0.01163
   132/199     14.8G   0.03781   0.01573   0.01053   0.06407       110      1024    0.8915    0.6497    0.7357    0.4208   0.03246   0.01065   0.01168
   133/199     14.8G   0.03814   0.01566    0.0107   0.06451       128      1024    0.8842    0.6547    0.7466    0.4271   0.03253   0.01071   0.01184
   134/199     14.8G   0.03765   0.01595   0.01013   0.06373       115      1024    0.7941     0.715    0.7464    0.4266   0.03258   0.01071   0.01159
   135/199     14.8G   0.03689   0.01561   0.01065   0.06316       106      1024    0.8354    0.6954    0.7525    0.4297   0.03236   0.01065   0.01149
   136/199     14.8G   0.03744   0.01594    0.0106   0.06398       107      1024    0.8792    0.6581    0.7558    0.4312   0.03225   0.01064   0.01122
   137/199     14.8G    0.0372   0.01573   0.01085   0.06378        89      1024    0.7192    0.7407    0.7473    0.4277   0.03228   0.01064   0.01173
   138/199     14.8G    0.0375   0.01567    0.0103   0.06347       116      1024    0.7351    0.7306    0.7562    0.4311   0.03191   0.01059    0.0112
   139/199     14.8G   0.03705   0.01544  0.009701   0.06219       100      1024     0.886    0.6572    0.7487    0.4263   0.03182   0.01058   0.01163
   140/199     14.8G   0.03691   0.01564  0.009428   0.06198        86      1024    0.6654    0.7497    0.7498    0.4334   0.03175   0.01055   0.01181
   141/199     14.8G   0.03619   0.01545  0.009619   0.06125       102      1024    0.6844    0.7442    0.7455    0.4283     0.032   0.01054   0.01171
   142/199     14.8G   0.03643   0.01559  0.009262   0.06128        95      1024    0.8964    0.6457    0.7443    0.4297   0.03197   0.01051   0.01146
   143/199     14.8G   0.03624   0.01568  0.009778   0.06169       121      1024    0.8893    0.6509     0.744    0.4298   0.03178   0.01047   0.01148
   144/199     14.8G   0.03719   0.01592   0.01049    0.0636       129      1024    0.8904    0.6461    0.7462    0.4316   0.03177   0.01052   0.01146
   145/199     14.8G   0.03719   0.01585  0.009531   0.06257       118      1024    0.7206     0.709    0.7473    0.4329   0.03187   0.01058    0.0116
   146/199     14.8G   0.03575   0.01524  0.009819    0.0608        85      1024    0.6688    0.7425    0.7498    0.4341   0.03201   0.01053   0.01142
   147/199     14.8G   0.03637   0.01545  0.009577    0.0614       135      1024    0.7137    0.7404    0.7599     0.438   0.03199   0.01055   0.01115
   148/199     14.8G    0.0361   0.01541  0.009047   0.06055       113      1024    0.7375    0.7366    0.7673    0.4394   0.03205   0.01051   0.01123
   149/199     14.8G   0.03582   0.01541  0.009347   0.06058       112      1024    0.8406    0.6984    0.7652    0.4376   0.03171    0.0105    0.0115
   150/199     14.8G    0.0363   0.01538   0.00919   0.06087       127      1024    0.8029    0.7248    0.7711    0.4422   0.03176    0.0105    0.0114
   151/199     14.8G   0.03587   0.01562  0.009207    0.0607       115      1024    0.7584    0.7351    0.7681    0.4423   0.03182   0.01052   0.01148
   152/199     14.8G   0.03569   0.01517  0.008997   0.05985        83      1024    0.7454    0.7334    0.7671    0.4418   0.03162   0.01047   0.01131
   153/199     14.8G   0.03534   0.01512  0.008629   0.05909       110      1024    0.7177    0.7241    0.7609    0.4422   0.03152   0.01043   0.01129
   154/199     14.8G   0.03514   0.01518  0.008601   0.05893       105      1024    0.7355    0.7168    0.7562    0.4394   0.03142   0.01038   0.01129
   155/199     14.8G   0.03558   0.01512  0.008699    0.0594        90      1024    0.7736    0.7104    0.7663    0.4452    0.0312   0.01035   0.01106
   156/199     14.8G   0.03559   0.01502  0.008877   0.05949        88      1024    0.7303    0.7274     0.759    0.4402   0.03122   0.01034   0.01129
   157/199     14.8G   0.03519   0.01511  0.008239   0.05854        95      1024    0.6938    0.7578    0.7581    0.4431   0.03119   0.01033   0.01122
   158/199     14.8G   0.03559   0.01526  0.008305   0.05916       112      1024    0.7878    0.7103    0.7594    0.4406   0.03125   0.01033   0.01118
   159/199     14.8G   0.03506   0.01543  0.008789   0.05927       124      1024    0.7894    0.7056    0.7606    0.4442   0.03129   0.01031   0.01127
   160/199     14.8G   0.03499   0.01474  0.008585   0.05831       109      1024    0.7619    0.7296    0.7601    0.4456   0.03123   0.01032   0.01117
   161/199     14.8G   0.03506   0.01481  0.008627    0.0585        93      1024    0.7643    0.7284    0.7635    0.4489    0.0312   0.01032   0.01113
   162/199     14.8G   0.03524   0.01518  0.008865   0.05929       107      1024    0.7288    0.7474    0.7604    0.4457   0.03109   0.01031    0.0111
   163/199     14.8G   0.03488   0.01492  0.007911   0.05771       116      1024    0.7541    0.7408     0.762    0.4459   0.03122   0.01033    0.0112
   164/199     14.8G   0.03484   0.01468  0.008057   0.05757       111      1024     0.744    0.7453    0.7646    0.4504   0.03136   0.01033   0.01128
   165/199     14.8G    0.0345   0.01484   0.00811   0.05745       103      1024    0.7269    0.7598    0.7678    0.4517   0.03137   0.01031   0.01132
   166/199     14.8G   0.03485   0.01489  0.008309   0.05805        92      1024    0.7281    0.7631    0.7713    0.4516   0.03136   0.01031   0.01116
   167/199     14.8G   0.03448   0.01474  0.007968   0.05719       114      1024    0.7113    0.7675    0.7673    0.4529   0.03133    0.0103   0.01131
   168/199     14.8G   0.03419   0.01457   0.00785   0.05662       108      1024    0.7109    0.7753    0.7703    0.4531   0.03119   0.01027   0.01148
   169/199     14.8G   0.03463   0.01464  0.007497   0.05677        93      1024    0.7518    0.7288    0.7693    0.4512   0.03101   0.01025   0.01159
   170/199     14.8G   0.03442   0.01435  0.007535    0.0563       100      1024    0.7083    0.7754    0.7752    0.4538   0.03093   0.01025   0.01151
   171/199     14.8G   0.03371   0.01463  0.007859    0.0562       118      1024    0.7498    0.7326    0.7713     0.451    0.0309   0.01026    0.0115
   172/199     14.8G   0.03399   0.01462  0.007764   0.05637        85      1024    0.7213     0.763    0.7685    0.4512   0.03088   0.01025   0.01158
   173/199     14.8G   0.03417    0.0147  0.007769   0.05664       109      1024    0.7368    0.7532    0.7709    0.4522   0.03097   0.01026    0.0115
   174/199     14.8G   0.03393   0.01455  0.007468   0.05594       116      1024     0.727     0.772    0.7714    0.4563   0.03092   0.01024   0.01155
   175/199     14.8G   0.03397   0.01471  0.007438   0.05612       112      1024    0.7731    0.7487    0.7725    0.4558   0.03087   0.01023   0.01154
   176/199     14.8G   0.03331   0.01432   0.00713   0.05476       137      1024    0.7934    0.7382    0.7727    0.4573   0.03086   0.01021   0.01153
   177/199     14.8G   0.03361   0.01438   0.00722   0.05521       116      1024    0.7797    0.7467    0.7727    0.4568   0.03081    0.0102   0.01156
   178/199     14.8G   0.03361   0.01453   0.00712   0.05526        83      1024    0.7761    0.7468    0.7767    0.4602   0.03074    0.0102   0.01159
   179/199     14.8G   0.03324   0.01424  0.007194   0.05467        98      1024    0.7623    0.7486    0.7744    0.4588    0.0307   0.01019   0.01172
   180/199     14.8G   0.03374   0.01461  0.007195   0.05555       109      1024    0.7677    0.7443    0.7751    0.4622   0.03065   0.01018   0.01178
   181/199     14.8G   0.03367   0.01445  0.007278    0.0554        97      1024    0.7889    0.7445    0.7798    0.4662   0.03056   0.01015   0.01177
   182/199     14.8G   0.03359   0.01432  0.007688    0.0556       111      1024    0.8021    0.7415    0.7799    0.4664   0.03059   0.01015   0.01171
   183/199     14.8G   0.03349   0.01452  0.007336   0.05535       120      1024    0.7237    0.7842    0.7831    0.4667   0.03059   0.01015   0.01178
   184/199     14.8G   0.03317   0.01429  0.006882   0.05434        88      1024    0.7233    0.7826     0.779    0.4618   0.03056   0.01014   0.01167
   185/199     14.8G   0.03303   0.01434  0.006696   0.05406       103      1024    0.8206    0.7195    0.7814    0.4642   0.03057   0.01012   0.01162
   186/199     14.8G   0.03356   0.01457  0.006666   0.05479       108      1024    0.8144    0.7244    0.7822    0.4662   0.03054   0.01012   0.01161
   187/199     14.8G   0.03338   0.01454  0.006828   0.05474        92      1024    0.7414    0.7778    0.7782    0.4636   0.03056   0.01012   0.01168
   188/199     14.8G   0.03299   0.01399  0.006456   0.05344       103      1024    0.7511    0.7739    0.7812    0.4652   0.03051   0.01011   0.01172
   189/199     14.8G   0.03331   0.01411  0.006784    0.0542        92      1024     0.751    0.7741    0.7814    0.4665    0.0305    0.0101   0.01173
   190/199     14.8G   0.03303   0.01423  0.006553   0.05381        98      1024    0.7464    0.7761     0.783    0.4698   0.03045   0.01008   0.01176
   191/199     14.8G   0.03374   0.01435  0.007471   0.05556       130      1024    0.7485     0.778    0.7831    0.4693   0.03044   0.01006    0.0116
   192/199     14.8G   0.03297   0.01405  0.006724   0.05374       121      1024    0.8213    0.7333    0.7862    0.4728   0.03049   0.01006   0.01156
   193/199     14.8G   0.03327   0.01416  0.006422   0.05385       111      1024    0.7382    0.7786    0.7791     0.467   0.03042   0.01005   0.01158
   194/199     14.8G   0.03312   0.01416  0.006867   0.05414       114      1024    0.7423    0.7787    0.7812    0.4673   0.03044   0.01005   0.01153
   195/199     14.8G   0.03302   0.01416  0.006592   0.05377       129      1024     0.754    0.7732    0.7809    0.4681   0.03041   0.01003   0.01152
   196/199     14.8G   0.03266   0.01401  0.006807   0.05348       111      1024    0.7741    0.7595    0.7805    0.4704   0.03036   0.01004   0.01156
   197/199     14.8G   0.03264   0.01434  0.006361   0.05333       107      1024    0.7671    0.7593    0.7809    0.4705   0.03037   0.01003   0.01157
   198/199     14.8G   0.03272   0.01406  0.006695   0.05348        87      1024    0.7483     0.777    0.7808    0.4711   0.03039   0.01003    0.0116
   199/199     14.8G   0.03204   0.01388  0.006006   0.05192       136      1024    0.7486    0.7758    0.7846    0.4725   0.03039   0.01002   0.01158
