      0/99     7.96G    0.1101   0.03404   0.05071    0.1948        42       800   0.01178   0.01689  0.002948 0.0006314   0.09169   0.02864   0.04724
      1/99     8.47G    0.0782   0.03196   0.04428    0.1544        55       800    0.4279    0.1549   0.08166   0.02022   0.07206   0.02141   0.04331
      2/99     8.47G   0.06602   0.02278   0.04201    0.1308        51       800     0.487    0.2695     0.184   0.06324     0.055    0.0183   0.04052
      3/99     8.47G   0.05967   0.01947   0.03811    0.1172        41       800    0.5292     0.282    0.2424   0.09856   0.05163   0.01513    0.0368
      4/99     8.47G   0.05706   0.01795   0.03523    0.1102        60       800    0.3672    0.4248    0.2516   0.09403   0.05216   0.01362   0.03398
      5/99     8.47G   0.05616    0.0165   0.03249    0.1052        53       800     0.392    0.4827    0.2765     0.088   0.05273   0.01343    0.0331
      6/99     8.47G   0.05696   0.01603    0.0317    0.1047        42       800    0.4981    0.4613    0.3503    0.1488   0.05008   0.01309   0.03119
      7/99     8.47G    0.0554   0.01522   0.02862   0.09924        58       800    0.5302    0.4806       0.4    0.1525   0.05204   0.01193   0.02811
      8/99     8.47G   0.05364   0.01462    0.0268   0.09506        57       800    0.5427    0.5021    0.4001    0.1505   0.04724   0.01217   0.02778
      9/99     8.47G   0.05271   0.01481   0.02623   0.09375        51       800    0.5626    0.4834    0.4261    0.1679   0.04743   0.01172   0.02676
     10/99     8.47G   0.05406    0.0143   0.02484    0.0932        52       800    0.6071    0.4864    0.4588    0.1738   0.04742   0.01172   0.02532
     11/99     8.47G    0.0525   0.01448    0.0243   0.09129        47       800    0.6361    0.4858    0.4947    0.2042   0.04651   0.01197   0.02463
     12/99     8.47G   0.04926   0.01457   0.02286   0.08669        54       800    0.6501    0.4676    0.4855    0.2111   0.04445   0.01223   0.02572
     13/99     8.47G   0.04538   0.01406   0.02177   0.08121        66       800    0.6245    0.4772    0.5011    0.2071   0.04585   0.01134   0.02316
     14/99     8.47G   0.04703    0.0138   0.02086    0.0817        57       800    0.7394    0.5049    0.5587     0.243   0.04301   0.01164   0.02214
     15/99     8.47G   0.04465   0.01379   0.01876   0.07719        45       800    0.7723    0.5481    0.5937     0.273   0.04267   0.01115   0.01943
     16/99     8.47G   0.04468   0.01348   0.01748   0.07564        34       800    0.7875    0.5816     0.626    0.3048   0.04246   0.01109   0.01837
     17/99     8.47G   0.04279   0.01334   0.01545   0.07158        31       800    0.7866    0.5683    0.6254    0.2847   0.04052   0.01122   0.01742
     18/99     8.47G   0.04289   0.01293    0.0149   0.07073        57       800    0.8019     0.577     0.632    0.3097   0.03871   0.01054   0.01847
     19/99     8.47G    0.0413   0.01272   0.01351   0.06754        56       800      0.82    0.6241    0.6618    0.3377   0.03776   0.01018   0.01617
     20/99     8.47G   0.04114   0.01256    0.0144    0.0681        42       800    0.8317    0.5702    0.6458    0.3272   0.03671   0.01057   0.01697
     21/99     8.47G   0.03959   0.01211   0.01394   0.06564        42       800    0.8376    0.5844    0.6531    0.3251   0.03936   0.01014   0.01632
     22/99     8.47G   0.03953   0.01197   0.01251   0.06401        41       800    0.8203    0.5876    0.6446    0.3285   0.03807   0.01007   0.01657
     23/99     8.47G   0.03856   0.01202   0.01352    0.0641        63       800    0.7427    0.6159    0.6226    0.3321    0.0363    0.0103   0.01912
     24/99     8.47G   0.03829   0.01235   0.01128   0.06192        58       800    0.8299    0.6096    0.6533    0.3355   0.03793   0.01015   0.01464
     25/99     8.47G   0.03736   0.01222   0.01258   0.06216        52       800    0.8081    0.5771    0.6448    0.3385   0.03821   0.01028    0.0162
     26/99     8.47G    0.0378   0.01185   0.01262   0.06226        45       800    0.8046    0.6264    0.6724    0.3597   0.03615   0.01007    0.0163
     27/99     8.47G   0.03753   0.01202    0.0122   0.06176        55       800    0.8178    0.6071     0.664    0.3659   0.03516   0.01022   0.01592
     28/99     8.47G   0.03703    0.0116     0.012   0.06063        71       800    0.7819    0.5944    0.6438    0.3501   0.03642   0.01002   0.01759
     29/99     8.47G   0.03661   0.01185   0.01058   0.05904        58       800    0.8576     0.618    0.6891    0.3769   0.03385  0.009638   0.01502
     30/99     8.47G   0.03592    0.0116    0.0107   0.05822        55       800    0.8472    0.6173    0.6839     0.378   0.03352  0.009566   0.01468
     31/99     8.47G   0.03537   0.01138  0.009576   0.05633        58       800    0.8548    0.6172    0.6882    0.3867   0.03396  0.009461   0.01571
     32/99     8.47G   0.03534   0.01111   0.01053   0.05699        46       800    0.8421    0.6371    0.6846    0.3819   0.03502  0.009584   0.01533
     33/99     8.47G   0.03467   0.01154   0.01058   0.05679        59       800    0.8132    0.6381    0.6802    0.3772   0.03499  0.009543   0.01471
     34/99     8.47G   0.03541   0.01124   0.01036     0.057        44       800    0.8494     0.634    0.6966    0.3848     0.034  0.009615    0.0148
     35/99     8.47G   0.03365   0.01116  0.009293    0.0541        60       800    0.8508    0.6473    0.7003    0.3973    0.0339  0.009361   0.01362
     36/99     8.47G   0.03365   0.01103  0.009395   0.05408        48       800    0.8438    0.6264    0.6881    0.3863   0.03396  0.009626   0.01458
     37/99     8.47G   0.03453    0.0109  0.008728   0.05416        53       800    0.8601    0.6443    0.6949    0.4001   0.03309  0.009642   0.01424
     38/99     8.47G   0.03411   0.01115  0.009096   0.05436        43       800    0.8728    0.6321    0.7044    0.3934   0.03324  0.009255   0.01405
     39/99     8.47G   0.03367   0.01099   0.00855   0.05321        48       800    0.8409    0.6133    0.6833    0.3764   0.03361  0.009502   0.01606
     40/99     8.47G   0.03412   0.01078  0.009139   0.05404        62       800    0.8209     0.668    0.7002    0.4014   0.03479  0.009311   0.01408
     41/99     8.47G    0.0327    0.0108  0.008053   0.05155        59       800    0.8449    0.6622    0.7054    0.4012   0.03277  0.009225   0.01422
     42/99     8.47G   0.03287   0.01058   0.00763   0.05108        49       800    0.8522    0.6585    0.7084    0.4045   0.03259  0.009226   0.01367
     43/99     8.47G   0.03224   0.01057  0.007821   0.05064        50       800    0.8615    0.6656    0.7181    0.4098   0.03253  0.009059   0.01305
     44/99     8.47G   0.03199   0.01063  0.008006   0.05063        47       800     0.845     0.666    0.7045    0.4109   0.03193  0.009291    0.0135
     45/99     8.47G   0.03126    0.0108  0.007979   0.05004        63       800    0.8424    0.6585     0.703    0.4095   0.03207  0.009204   0.01395
     46/99     8.47G   0.03214   0.01033  0.007834    0.0503        52       800     0.834    0.6488    0.6919    0.3983   0.03243  0.009237   0.01433
     47/99     8.47G   0.03084    0.0106  0.007081   0.04853        80       800    0.8449    0.6738    0.7075    0.4137   0.03123  0.009134   0.01437
     48/99     8.47G   0.03021    0.0103  0.007795    0.0483        46       800    0.8447    0.6555    0.7044    0.4161   0.03162  0.009061   0.01517
     49/99     8.47G   0.02992   0.01014  0.006913   0.04697        39       800    0.8382    0.6641    0.7086    0.4151    0.0312  0.009155   0.01434
     50/99     8.47G   0.02938  0.009992  0.007191   0.04656        29       800    0.8413    0.6186    0.6898    0.4041   0.03158  0.009314   0.01649
     51/99     8.47G   0.03037   0.01064  0.007657   0.04866        49       800    0.8356    0.6798    0.7123    0.4189   0.03192   0.00898   0.01401
     52/99     8.47G   0.03007   0.01019  0.006853   0.04711        66       800    0.8612    0.6692    0.7164    0.4235   0.03081  0.009006   0.01418
     53/99     8.47G   0.02872    0.0102   0.00627   0.04518        50       800     0.857    0.6563    0.7132    0.4293   0.03008  0.009079   0.01499
     54/99     8.47G   0.02922   0.01018  0.006164   0.04556        61       800    0.8817    0.6644    0.7287    0.4364   0.03092  0.008977   0.01379
     55/99     8.47G   0.02927   0.00986  0.006392   0.04552        47       800    0.8772     0.635    0.7073    0.4219   0.03075  0.009003   0.01581
     56/99     8.47G   0.02894  0.009651  0.005561   0.04416        65       800    0.8569    0.6546    0.7091    0.4198   0.03076  0.009125     0.015
     57/99     8.47G   0.02734  0.009516   0.00556   0.04242        39       800    0.8645    0.6546    0.7209    0.4376    0.0304  0.008965   0.01479
     58/99     8.47G   0.02803  0.009948   0.00585   0.04383        50       800    0.8486    0.6864    0.7256    0.4412   0.03029  0.008896   0.01381
     59/99     8.47G   0.02743  0.009749   0.00524   0.04242        72       800    0.8505    0.6885    0.7346     0.444   0.02982  0.008894   0.01317
     60/99     8.47G   0.02829   0.00964   0.00558   0.04351        74       800    0.8587    0.6663    0.7187     0.431   0.03056  0.009114   0.01326
     61/99     8.47G     0.027  0.009621  0.005612   0.04224        83       800    0.8791    0.6785    0.7344    0.4462   0.02974  0.008878   0.01289
     62/99     8.47G   0.02636  0.009291  0.004486   0.04014        76       800    0.8726    0.6607    0.7284    0.4383   0.02926  0.008851   0.01396
     63/99     8.47G   0.02746  0.009415  0.005121     0.042        49       800     0.856    0.6902    0.7323    0.4491   0.02944   0.00887   0.01427
     64/99     8.47G    0.0266  0.009388  0.005351   0.04134        56       800     0.857    0.6818     0.739    0.4504   0.02957  0.008786   0.01344
     65/99     8.47G   0.02597  0.009078  0.004352    0.0394        70       800    0.8625    0.6769    0.7316    0.4459   0.02944  0.008837    0.0144
     66/99     8.47G   0.02612    0.0092  0.004482    0.0398        57       800     0.867    0.6716    0.7411    0.4489   0.02962  0.008785   0.01379
     67/99     8.47G   0.02576  0.009046  0.004458   0.03926        40       800    0.8665     0.686    0.7338    0.4567   0.02855  0.008836   0.01431
     68/99     8.47G   0.02582  0.009057  0.004295   0.03917        63       800    0.8749    0.6751    0.7392    0.4507   0.02929  0.008928   0.01481
     69/99     8.47G   0.02524  0.008967  0.004184   0.03839        54       800    0.8612    0.6864    0.7485    0.4633   0.02817  0.008803   0.01446
     70/99     8.47G   0.02508  0.009147   0.00411   0.03833        47       800    0.8598    0.6732    0.7254    0.4439   0.02952  0.008824   0.01511
     71/99     8.47G   0.02515  0.009068  0.004224   0.03844        52       800    0.8672    0.6788     0.743    0.4599   0.02824  0.008794   0.01524
     72/99     8.47G   0.02475  0.008957  0.004378   0.03809        57       800    0.8696    0.6798    0.7466    0.4636    0.0289  0.008732   0.01493
     73/99     8.47G   0.02464  0.008765   0.00415   0.03755        52       800     0.864    0.6844    0.7673    0.4702   0.02873  0.008688   0.01397
     74/99     8.47G   0.02449  0.008865  0.004026   0.03738        40       800    0.8608    0.6954    0.7684    0.4782   0.02843  0.008676   0.01498
     75/99     8.47G   0.02527  0.008631  0.003632   0.03754        51       800    0.8636    0.6788    0.7534    0.4663   0.02912  0.008695    0.0144
     76/99     8.47G   0.02468  0.008969  0.004048    0.0377        57       800    0.8579    0.6838    0.7451    0.4657   0.02895  0.008696   0.01468
     77/99     8.47G   0.02438  0.008741  0.003339   0.03646        63       800    0.8627    0.6959    0.7635    0.4733    0.0283  0.008707   0.01458
     78/99     8.47G   0.02373  0.008814  0.003337   0.03588        55       800    0.8712    0.6894    0.7898    0.4882   0.02829  0.008705    0.0145
     79/99     8.47G   0.02435  0.009127  0.003654   0.03713        73       800    0.8786    0.6787    0.7894    0.4858   0.02892  0.008721   0.01431
     80/99     8.47G   0.02337  0.008775  0.003911   0.03605        94       800    0.8793     0.679    0.7796    0.4778   0.02888  0.008729   0.01472
     81/99     8.47G   0.02313  0.008519  0.004266   0.03592        46       800    0.8712    0.6941    0.7918     0.488    0.0284  0.008566   0.01378
     82/99     8.47G   0.02301  0.008492  0.003226   0.03472        74       800    0.8879    0.6775    0.7939    0.4836   0.02854  0.008715   0.01423
     83/99     8.47G   0.02337  0.008799  0.003305   0.03547        54       800    0.8731     0.691    0.7824     0.484   0.02808  0.008709   0.01494
     84/99     8.47G    0.0231  0.008674  0.003522    0.0353        52       800    0.6538    0.8006    0.7896    0.4817    0.0282  0.008672   0.01497
     85/99     8.47G   0.02292  0.008408  0.003213   0.03454        67       800    0.6747    0.8303    0.8023    0.4879   0.02812  0.008609    0.0145
     86/99     8.47G   0.02288   0.00864  0.003178   0.03469        56       800    0.7004    0.7966    0.7969    0.4875   0.02776  0.008635   0.01526
     87/99     8.47G   0.02323  0.008544  0.003139   0.03491        54       800    0.7301    0.8001    0.8037    0.4944   0.02787  0.008635   0.01464
     88/99     8.47G     0.023   0.00836  0.003069   0.03443        51       800    0.7374    0.8005    0.8053    0.4912   0.02762  0.008567    0.0146
     89/99     8.47G   0.02287  0.008376   0.00292   0.03416        87       800    0.7451    0.7989    0.8003    0.4979   0.02708  0.008633   0.01498
     90/99     8.47G   0.02289  0.008435  0.002969    0.0343        52       800    0.7712    0.7926    0.8091    0.5066   0.02709  0.008647   0.01466
     91/99     8.47G   0.02198  0.008243  0.002939   0.03317        56       800    0.7611    0.8198    0.8135    0.5093   0.02706  0.008514   0.01481
     92/99     8.47G   0.02206  0.008379  0.002869   0.03331        62       800    0.7744    0.8103    0.8064    0.4985   0.02694  0.008529   0.01482
     93/99     8.47G   0.02313  0.008495  0.003964   0.03559        40       800    0.7967    0.8009    0.8084    0.4966   0.02717  0.008631   0.01518
     94/99     8.47G   0.02227  0.008175  0.002825   0.03327        64       800    0.8395    0.7698    0.8027    0.4888   0.02749  0.008681   0.01537
     95/99     8.47G   0.02246  0.008374  0.003343   0.03418        51       800    0.7787    0.7905    0.8011    0.4984   0.02693  0.008603   0.01546
     96/99     8.47G   0.02216  0.008467  0.002576    0.0332        50       800    0.8145    0.7935    0.8131    0.5001   0.02752  0.008584   0.01492
     97/99     8.47G   0.02197  0.008299  0.002346   0.03261        82       800    0.8197    0.7755    0.8013    0.4951   0.02718  0.008708   0.01511
     98/99     8.47G   0.02236  0.008402  0.002815   0.03357        54       800    0.8475    0.7644    0.8065    0.5008   0.02724  0.008609   0.01578
     99/99     8.47G   0.02185  0.008158  0.002657   0.03266        55       800    0.8432    0.7582    0.8058    0.4993   0.02732  0.008596   0.01521
