      0/99     7.92G   0.08036    0.0264   0.04237    0.1491        40       800    0.4057     0.213   0.06656   0.01286   0.08637   0.02247   0.04952
      1/99     8.54G   0.06684   0.01934   0.03653    0.1227        55       800    0.4577    0.3009    0.1613   0.04432    0.0648   0.02398   0.03822
      2/99     8.54G   0.06862   0.01977   0.03927    0.1277        47       800    0.1813    0.2197   0.09705   0.02212   0.07841    0.1067    0.0435
      3/99     8.54G   0.06704    0.0195   0.03697    0.1235        37       800    0.4728    0.2377   0.09441    0.0258   0.07174    0.0847   0.04197
      4/99     8.54G   0.06522   0.02026   0.03625    0.1217        53       800    0.3269    0.3158    0.1299   0.03402   0.06798   0.02879    0.0433
      5/99     8.54G    0.0673   0.01968   0.03677    0.1237        53       800    0.3518    0.3777    0.1519   0.04415   0.06987   0.02246   0.04198
      6/99     8.54G   0.06536   0.02026   0.03555    0.1212        36       800     0.702   0.05908   0.03817  0.008968   0.07861   0.07449   0.06262
      7/99     8.54G   0.06692   0.01981   0.03501    0.1217        56       800     0.154    0.2875    0.1101   0.02679   0.07424   0.04483   0.04963
      8/99     8.54G   0.06679    0.0203   0.03572    0.1228        53       800    0.3507    0.2811    0.1102   0.02889   0.07651   0.02582   0.04946
      9/99     8.54G   0.06613   0.02025   0.03517    0.1215        43       800    0.4901    0.2621    0.1811   0.05393   0.06268    0.0178   0.04258
     10/99     8.54G   0.06545   0.01939    0.0352      0.12        51       800    0.4519    0.2479    0.1124   0.03292   0.07669   0.01845    0.0499
     11/99     8.54G   0.06468    0.0204   0.03569    0.1208        54       800    0.4616    0.2996     0.133   0.03793   0.06712   0.02834   0.03912
     12/99     8.54G   0.06166    0.0194   0.03336    0.1144        48       800    0.3233    0.3941    0.1929   0.06038   0.06147    0.0219   0.03994
     13/99     8.54G   0.06139   0.01979   0.03244    0.1136        64       800     0.412    0.3737    0.2651   0.09009   0.05727   0.01593   0.03302
     14/99     8.54G   0.05936   0.01833   0.03251    0.1102        50       800    0.4054    0.4123    0.2361   0.07696   0.05778   0.01531   0.03655
     15/99     8.54G   0.05916   0.01881   0.03177    0.1097        47       800    0.4315    0.3341    0.2367   0.07489   0.06149   0.01509    0.0398
     16/99     8.54G   0.05871   0.01892   0.03114    0.1088        38       800    0.4602    0.3721    0.2615   0.08414   0.05489   0.01549   0.03238
     17/99     8.54G   0.05845   0.01899   0.03117    0.1086        31       800    0.4976    0.3686    0.2967    0.1049   0.05435   0.01465   0.03193
     18/99     8.54G    0.0559   0.01837   0.03085    0.1051        45       800    0.4011    0.3945    0.2364   0.07642   0.06124   0.01769   0.04234
     19/99     8.54G   0.05885   0.01886   0.03066    0.1084        54       800    0.4535    0.3847    0.2825     0.112   0.06075   0.01571   0.03696
     20/99     8.54G   0.05564   0.01826   0.02929    0.1032        40       800    0.4968     0.414      0.34    0.1289   0.05226   0.01666   0.03316
     21/99     8.54G   0.05514    0.0177   0.03084    0.1037        48       800     0.474    0.3765    0.2841   0.09925   0.05687   0.01486   0.03142
     22/99     8.54G    0.0553   0.01769   0.03007    0.1031        35       800     0.476    0.4248     0.324    0.1188   0.05362   0.01456   0.03176
     23/99     8.54G    0.0554   0.01801   0.02937    0.1028        63       800    0.4938    0.4086    0.3222    0.1218   0.05703    0.0156   0.03033
     24/99     8.54G   0.05432   0.01795   0.03005    0.1023        61       800    0.4974    0.3145    0.2927    0.1207   0.05605   0.01724   0.03074
     25/99     8.54G   0.05392   0.01764     0.029    0.1006        50       800     0.524    0.4031    0.3504    0.1348   0.05288   0.01452   0.02827
     26/99     8.54G   0.05497   0.01717   0.02736    0.0995        47       800    0.4927    0.4305    0.3358    0.1286    0.0542   0.01465   0.03287
     27/99     8.54G   0.05452   0.01736   0.02778   0.09965        55       800    0.4781    0.4364    0.3454    0.1188   0.05413    0.0142   0.02987
     28/99     8.54G   0.05547   0.01732   0.02996    0.1027        66       800    0.4951    0.3549    0.3006    0.1006   0.05681   0.01509   0.03086
     29/99     8.54G   0.05442   0.01804   0.02658   0.09904        54       800    0.5147    0.4323    0.3809    0.1533   0.05197   0.01437   0.03082
     30/99     8.54G   0.05281   0.01727   0.02834   0.09843        56       800    0.5508    0.3896     0.374    0.1481   0.04965   0.01403   0.02844
     31/99     8.54G   0.05306   0.01734   0.02824   0.09864        50       800    0.5131     0.406    0.3402    0.1261   0.05233   0.01424   0.03066
     32/99     8.54G   0.05459   0.01708    0.0278   0.09947        45       800    0.5124    0.4181    0.3706    0.1436   0.05075     0.015    0.0284
     33/99     8.54G   0.05381   0.01798   0.02822       0.1        56       800    0.2157    0.4395       0.2   0.07204   0.05088    0.0266    0.0327
     34/99     8.54G   0.05335   0.01731   0.02822   0.09888        51       800    0.4975    0.4337    0.3698    0.1539   0.05024   0.01415    0.0284
     35/99     8.54G   0.05072   0.01723   0.02629   0.09424        58       800    0.5475    0.4459    0.3869    0.1558   0.05092   0.01395   0.02683
     36/99     8.54G   0.05063   0.01706   0.02605   0.09374        54       800    0.5134    0.4426    0.3752    0.1575   0.05128   0.01391   0.02851
     37/99     8.54G   0.05103   0.01689   0.02553   0.09345        53       800    0.5651    0.4484    0.4111    0.1719   0.04885   0.01384    0.0275
     38/99     8.54G   0.04899   0.01692   0.02467   0.09059        35       800    0.5916     0.427    0.4155    0.1738   0.04756   0.01378   0.02585
     39/99     8.54G   0.05158   0.01676   0.02527   0.09361        46       800    0.5374    0.4573    0.4198    0.1766   0.05115   0.01338   0.02954
     40/99     8.54G   0.05095    0.0168   0.02599   0.09374        58       800    0.4839    0.4108    0.3289    0.1247   0.05119   0.01453   0.02638
     41/99     8.54G   0.05165   0.01653   0.02677   0.09494        54       800    0.6426    0.4124     0.433    0.1798   0.05073    0.0137   0.02533
     42/99     8.54G   0.05072    0.0165   0.02379   0.09101        51       800     0.631    0.4701    0.4653    0.1952   0.04891   0.01308   0.02355
     43/99     8.54G   0.05118   0.01718   0.02599   0.09435        52       800     0.557    0.4335     0.391    0.1558   0.05602   0.01547   0.03095
     44/99     8.54G   0.05102   0.01715   0.02576   0.09393        48       800    0.5725    0.4621    0.4438    0.1876   0.04783   0.01339   0.02679
     45/99     8.54G   0.04935   0.01705   0.02386   0.09026        56       800    0.6338    0.4618    0.4588    0.1927   0.04782   0.01351   0.02351
     46/99     8.54G   0.05058   0.01649   0.02471   0.09178        51       800     0.562    0.4803    0.4118    0.1653   0.05123   0.01331   0.02819
     47/99     8.54G   0.05102   0.01721   0.02396    0.0922        77       800    0.6415    0.4181    0.4363    0.1715   0.04793   0.01375   0.02583
     48/99     8.54G   0.05101   0.01677   0.02439   0.09216        47       800    0.6012    0.3614    0.4164    0.1699   0.05156   0.01733   0.02458
     49/99     8.54G   0.04828   0.01688   0.02362   0.08878        40       800    0.6249    0.4463    0.4517    0.2037    0.0456   0.01409   0.02413
     50/99     8.54G   0.04946   0.01604   0.02323   0.08873        33       800    0.6149    0.4512     0.467    0.2025   0.04568   0.01315   0.02413
     51/99     8.54G   0.04794   0.01656   0.02367   0.08817        38       800    0.6558     0.452    0.4776    0.2029   0.04889   0.01305   0.02291
     52/99     8.54G   0.04765   0.01628   0.02415   0.08808        59       800    0.5841    0.4314    0.4216    0.1783    0.0482   0.01475   0.02784
     53/99     8.54G   0.04828    0.0167   0.02308   0.08805        50       800    0.6469     0.445    0.4898    0.2091   0.04751   0.01303   0.02193
     54/99     8.54G   0.04865    0.0163   0.02257   0.08752        59       800    0.6179    0.4996    0.4886    0.2133   0.04655   0.01282   0.02292
     55/99     8.54G   0.04814   0.01578   0.02162   0.08554        56       800    0.6646    0.4505    0.4677    0.1892   0.04715   0.01378     0.026
     56/99     8.54G   0.04769   0.01581   0.02078   0.08428        60       800    0.6697    0.5092    0.5172    0.2347   0.04369   0.01247   0.02046
     57/99     8.54G   0.04514   0.01533   0.02114    0.0816        38       800    0.6484    0.5365     0.537    0.2447   0.04426   0.01233   0.02341
     58/99     8.54G   0.04559   0.01612   0.02058   0.08228        48       800    0.3901    0.4607    0.2595    0.1098   0.05746    0.1225   0.02889
     59/99     8.54G   0.04511   0.01638   0.02007   0.08155        82       800    0.6993    0.5017    0.5299    0.2522   0.04158   0.01235    0.0193
     60/99     8.54G    0.0454   0.01515   0.01972   0.08027        65       800    0.6939    0.4751    0.5002    0.2173   0.04493   0.01256   0.02117
     61/99     8.54G    0.0457   0.01556   0.02047   0.08173        78       800    0.6876    0.5222    0.5419    0.2419   0.04369   0.01205   0.01936
     62/99     8.54G   0.04485   0.01519   0.01869   0.07873        66       800    0.7211    0.5174    0.5525    0.2516   0.04309   0.01228   0.01928
     63/99     8.54G   0.04576   0.01538   0.02051   0.08165        46       800    0.6744    0.4752    0.5115    0.2435   0.04301   0.01259   0.02099
     64/99     8.54G   0.04584   0.01575   0.02046   0.08204        44       800    0.6946     0.505    0.5222    0.2371   0.04264   0.01266    0.0203
     65/99     8.54G   0.04423   0.01498   0.01903   0.07825        60       800    0.7318    0.5044    0.5437    0.2499   0.04255   0.01237   0.01987
     66/99     8.54G   0.04347   0.01504   0.01847   0.07698        52       800    0.6923    0.5271    0.5485    0.2552    0.0427   0.01224    0.0193
     67/99     8.54G   0.04392   0.01458   0.01767   0.07617        37       800    0.7188    0.5359    0.5575     0.269   0.04183   0.01199   0.01831
     68/99     8.54G   0.04338   0.01471   0.01858   0.07667        64       800    0.7518    0.4994    0.5465    0.2627   0.04214    0.0122   0.01884
     69/99     8.54G   0.04337   0.01468   0.01833   0.07638        49       800    0.7055    0.5432    0.5636    0.2677    0.0424   0.01216     0.019
     70/99     8.54G   0.04224   0.01521   0.01992   0.07737        56       800    0.7649    0.5062    0.5627    0.2677   0.04005   0.01197   0.02041
     71/99     8.54G   0.04265   0.01482   0.01845   0.07593        47       800    0.7528    0.5176    0.5675    0.2791   0.04201   0.01182   0.01859
     72/99     8.54G   0.04276   0.01465   0.01818   0.07559        61       800    0.7141    0.5452    0.5697    0.2745   0.04112   0.01198   0.01919
     73/99     8.54G   0.04331   0.01467   0.01632   0.07429        49       800    0.7291    0.5338    0.5691    0.2663   0.04209   0.01169   0.01969
     74/99     8.54G   0.04225   0.01466   0.01639    0.0733        46       800    0.7152    0.5375    0.5738    0.2843    0.0408   0.01232   0.01871
     75/99     8.54G   0.04232    0.0143   0.01696   0.07358        49       800    0.7565    0.5351    0.5906    0.2886   0.04147   0.01199   0.01811
     76/99     8.54G   0.04208   0.01475   0.01746   0.07429        52       800    0.7948    0.5001    0.5861    0.2839   0.04079   0.01174   0.01831
     77/99     8.54G   0.04223   0.01456   0.01704   0.07383        63       800    0.7593    0.5174    0.5588    0.2666   0.04157   0.01219   0.01917
     78/99     8.54G   0.04167   0.01448    0.0159   0.07205        52       800    0.7503    0.5648    0.5976    0.2931   0.04066   0.01161   0.01638
     79/99     8.54G   0.04102   0.01458   0.01649    0.0721        75       800    0.7296     0.539    0.5749    0.2787   0.04129   0.01171   0.01827
     80/99     8.54G   0.04076   0.01451   0.01621   0.07148        91       800    0.7469    0.5439    0.5815    0.2868   0.04048   0.01218   0.01658
     81/99     8.54G   0.04003   0.01405   0.01613   0.07021        45       800    0.7758    0.5584    0.6137      0.31   0.03953   0.01123   0.01658
     82/99     8.54G   0.04089   0.01402    0.0143   0.06921        72       800     0.754    0.5728    0.6183    0.2956   0.03943   0.01147   0.01672
     83/99     8.54G   0.03966   0.01431   0.01481   0.06878        56       800     0.755    0.5635    0.6032    0.3057   0.03859   0.01132   0.01603
     84/99     8.54G   0.04031   0.01401   0.01582   0.07014        51       800    0.7831    0.5526    0.6101    0.3048   0.03961   0.01125   0.01653
     85/99     8.54G   0.03985     0.014   0.01483   0.06868        75       800    0.7886    0.5449    0.6064    0.3057   0.03862   0.01122   0.01645
     86/99     8.54G   0.03981   0.01414    0.0155   0.06946        55       800    0.7353    0.5754    0.6085    0.3009   0.03979   0.01138   0.01762
     87/99     8.54G   0.04014   0.01384   0.01512    0.0691        55       800    0.7998    0.5346    0.6047    0.3071   0.03809   0.01126   0.01612
     88/99     8.54G   0.03999   0.01367   0.01513    0.0688        57       800    0.7874    0.5685    0.6165    0.3182   0.03876   0.01123    0.0164
     89/99     8.54G    0.0386   0.01366   0.01473     0.067        87       800    0.8106    0.5409    0.6094    0.3109   0.03845    0.0114   0.01619
     90/99     8.54G    0.0393   0.01357   0.01372    0.0666        57       800    0.7858    0.5598    0.6206    0.3188   0.03747   0.01115   0.01627
     91/99     8.54G   0.03884   0.01376   0.01415   0.06675        53       800    0.8018    0.5328    0.6059    0.3157   0.03814    0.0114    0.0161
     92/99     8.54G   0.03912   0.01399   0.01427   0.06738        54       800    0.7681    0.5776    0.6201    0.3128   0.03878   0.01115   0.01602
     93/99     8.54G   0.03998   0.01388   0.01363   0.06749        47       800    0.7707    0.5587    0.6046    0.3137   0.03829   0.01132   0.01659
     94/99     8.54G   0.03843   0.01335   0.01303   0.06481        62       800     0.803    0.5616    0.6223    0.3308   0.03722   0.01082   0.01536
     95/99     8.54G   0.03773   0.01347   0.01411   0.06531        45       800    0.8073    0.5737    0.6377    0.3397   0.03661   0.01084   0.01432
     96/99     8.54G   0.03693    0.0138   0.01361   0.06434        55       800     0.813    0.5665    0.6279    0.3319    0.0373   0.01102   0.01494
     97/99     8.54G   0.03739   0.01338   0.01304   0.06381        80       800    0.7951    0.5814    0.6312    0.3368   0.03738   0.01079   0.01607
     98/99     8.54G   0.03748   0.01326   0.01309   0.06383        55       800    0.8015    0.5594    0.6271    0.3324   0.03746   0.01099   0.01563
     99/99     8.54G   0.03832   0.01339   0.01415   0.06586        55       800    0.7605    0.6119    0.6368    0.3344   0.03685   0.01101   0.01509
