      0/99     7.15G    0.1071   0.03022   0.04556    0.1829        46       800         0         0         0         0    0.1014   0.02573   0.04498
      1/99     9.11G    0.0935   0.03124   0.04385    0.1686        53       800         0         0         0         0    0.1079   0.02281    0.0465
      2/99     9.11G     0.082    0.0273   0.04067      0.15        67       800    0.2035    0.1935   0.02689  0.006459   0.08302    0.0223   0.04515
      3/99     9.11G   0.08057    0.0245   0.04189     0.147        40       800    0.5541    0.1241   0.04477   0.00936    0.0806   0.02112   0.04309
      4/99     9.11G   0.07493   0.02258    0.0397    0.1372        40       800    0.6018    0.1348   0.07328   0.01794    0.0729   0.02284   0.04197
      5/99     9.11G   0.07329   0.02217   0.03947    0.1349        72       800    0.2249    0.3068   0.06265   0.01517   0.08083   0.04037     0.045
      6/99     9.11G   0.07142    0.0213   0.03822    0.1309        33       800    0.3458    0.1872   0.09326   0.02419   0.07488   0.01991   0.03938
      7/99     9.11G   0.06956   0.02153   0.03761    0.1287        41       800    0.3866    0.1714   0.03476  0.009725   0.08088   0.05306   0.04465
      8/99     9.11G   0.06905   0.02124   0.03728    0.1276        52       800   0.07146    0.2992   0.04609    0.0104   0.08431   0.02546   0.04253
      9/99     9.11G   0.06755    0.0217   0.03587    0.1251        58       800    0.4637    0.2088    0.1142   0.02984   0.06679   0.02146   0.03875
     10/99     9.11G   0.06805   0.02124   0.03628    0.1256        64       800    0.1442    0.3235    0.1245   0.03362   0.07408   0.02098   0.03877
     11/99     9.11G   0.06625   0.02064   0.03653    0.1234        37       800    0.2949    0.2202   0.08404   0.01887   0.07111   0.01766   0.03862
     12/99     9.11G   0.06734   0.02064    0.0361    0.1241        45       800    0.4455    0.2029    0.1019   0.02787   0.08113   0.02567   0.08398
     13/99     9.11G   0.06732   0.02128   0.03636     0.125        46       800    0.4815    0.2037    0.1297    0.0324   0.07161   0.01946   0.04158
     14/99     9.11G   0.06481   0.02029   0.03569    0.1208        44       800   0.06056    0.1872   0.03726   0.00997    0.1123   0.03472     1.127
     15/99     9.11G   0.06531   0.02032   0.03566    0.1213        40       800    0.5028    0.2011     0.127   0.03447   0.07248   0.01669   0.04934
     16/99     9.11G    0.0625   0.02031   0.03366    0.1165        44       800    0.3471    0.2633    0.1422   0.03932   0.06719   0.01725   0.03484
     17/99     9.11G   0.06283    0.0196   0.03327    0.1157        41       800    0.3565    0.3466    0.2107   0.06559   0.06046   0.01821    0.0333
     18/99     9.11G   0.06176   0.01917   0.03355    0.1145        53       800     0.363    0.4278    0.2379   0.07176   0.05973   0.01755    0.0362
     19/99     9.11G   0.06176    0.0198   0.03283    0.1144        56       800    0.3959    0.3122    0.1924   0.05377    0.0632   0.01595   0.03302
     20/99     9.11G   0.06129      0.02   0.03168     0.113        20       800    0.3898    0.3203    0.2055   0.06825   0.06125   0.02053   0.03466
     21/99     9.11G   0.06371   0.01961   0.03347    0.1168        86       800    0.3826    0.3206    0.1774    0.0477   0.07225   0.01589   0.05814
     22/99     9.11G   0.06038   0.01936   0.03189    0.1116        58       800    0.3885    0.3077    0.1971   0.06386   0.05816   0.02088   0.03267
     23/99     9.11G    0.0613   0.01895   0.03164    0.1119        37       800    0.2099   0.02487  0.004412  0.001508       nan       nan       nan
     24/99     9.11G    0.0616   0.02042   0.03196     0.114        46       800    0.0938    0.2358   0.04649   0.01305   0.08132   0.02657    0.1245
     25/99     9.11G   0.06035   0.01931   0.03323    0.1129        59       800    0.3979    0.3787     0.231   0.07511   0.05832   0.01544   0.03197
     26/99     9.11G   0.06067    0.0185   0.03095    0.1101        58       800     0.443    0.3109    0.2254   0.07589   0.05942   0.01588   0.03148
     27/99     9.11G   0.05824   0.01878   0.03029    0.1073        62       800    0.4315    0.3399    0.2593   0.08139   0.05631   0.01569    0.0311
     28/99     9.11G   0.05813   0.01848      0.03    0.1066        52       800    0.4567    0.3643    0.2854   0.09911   0.05802   0.01466   0.03104
     29/99     9.11G   0.05678   0.01748   0.02827    0.1025        43       800    0.4648    0.3903    0.3235    0.1169   0.05198   0.01386   0.02842
     30/99     9.11G   0.05628    0.0177    0.0288    0.1028        36       800     0.485    0.3829     0.316    0.1159   0.05308   0.01451   0.02882
     31/99     9.11G   0.05965   0.01837   0.03005    0.1081        34       800    0.5039    0.3236    0.2623   0.08666   0.05632   0.01506   0.03022
     32/99     9.11G    0.0582   0.01833   0.02928    0.1058        34       800    0.4223    0.3786    0.2556    0.0843   0.05941   0.01639   0.02943
     33/99     9.11G   0.05513   0.01816   0.02767     0.101        46       800    0.4378    0.3628    0.2744   0.09901   0.05477   0.01609   0.03064
     34/99     9.11G   0.05656   0.01853   0.02877    0.1039        60       800    0.4624    0.3635    0.2907    0.1015   0.05514   0.01564   0.02755
     35/99     9.11G   0.05768   0.01834   0.02847    0.1045        33       800    0.2801    0.4507     0.332    0.1143   0.05345   0.01425   0.02814
     36/99     9.11G   0.05437   0.01757   0.02797   0.09992        61       800    0.4977    0.3587    0.3182    0.1057   0.05295   0.01377   0.03021
     37/99     9.11G    0.0538   0.01783   0.02812   0.09976        67       800    0.5079    0.3761    0.3426    0.1271   0.05242   0.01413   0.02861
     38/99     9.11G   0.05435   0.01779   0.02926    0.1014        40       800    0.5165    0.3605    0.3264    0.1088   0.05293   0.01462   0.02903
     39/99     9.11G   0.05403   0.01791   0.02694   0.09888        78       800    0.5041    0.3771    0.3423    0.1341   0.05072   0.01418   0.02855
     40/99     9.11G   0.05397   0.01752   0.02693   0.09842        62       800    0.5078    0.4078    0.3427    0.1195   0.05344   0.01443   0.02867
     41/99     9.11G   0.05347   0.01766   0.02665   0.09778        70       800    0.5124    0.3697    0.3345    0.1193    0.0535   0.01431   0.03003
     42/99     9.11G   0.05429   0.01767   0.02811    0.1001        34       800    0.4805    0.3783    0.3323    0.1222   0.05532   0.01478   0.03028
     43/99     9.11G   0.05319    0.0175   0.02599   0.09668        68       800    0.5309    0.4001    0.3659    0.1397   0.05113   0.01402   0.02623
     44/99     9.11G   0.05231   0.01671   0.02668    0.0957        43       800    0.5528    0.4183    0.3813    0.1426   0.05258   0.01336   0.02572
     45/99     9.11G    0.0525   0.01721   0.02439    0.0941        41       800    0.5501    0.4442    0.3916    0.1492   0.05218   0.01312   0.02558
     46/99     9.11G   0.05198   0.01824    0.0258   0.09602        75       800    0.5635    0.4054    0.4071    0.1649   0.05049   0.01446    0.0246
     47/99     9.11G   0.05212   0.01718   0.02526   0.09455        28       800    0.4987    0.3816    0.3382    0.1324    0.0543   0.01385   0.02609
     48/99     9.11G   0.05202   0.01671   0.02505   0.09378        50       800    0.3815    0.4479     0.194   0.07104   0.05744    0.2929   0.06965
     49/99     9.11G     0.052   0.01658   0.02485   0.09344        65       800    0.3423     0.457    0.3856    0.1513   0.04971   0.01431   0.02468
     50/99     9.11G   0.05116   0.01656   0.02379   0.09151        64       800    0.5953    0.3832    0.3921    0.1563   0.05062   0.01416   0.02537
     51/99     9.11G   0.05159    0.0164   0.02429   0.09228        65       800    0.5462    0.4394    0.4041    0.1683   0.05242   0.01368   0.02506
     52/99     9.11G   0.05109   0.01699   0.02361   0.09169        42       800    0.6069    0.4239    0.4258    0.1674   0.05096   0.01361   0.02375
     53/99     9.11G    0.0511   0.01675   0.02412   0.09197        47       800    0.5451    0.4579     0.426    0.1735   0.04837    0.0131   0.02501
     54/99     9.11G   0.04911   0.01681   0.02316   0.08908        63       800    0.5816    0.4207    0.4234    0.1648   0.05305   0.01333   0.02444
     55/99     9.11G   0.05062   0.01655    0.0224   0.08957        76       800    0.5706    0.3925     0.416    0.1731   0.04869   0.01426   0.02275
     56/99     9.11G    0.0503   0.01649   0.02438   0.09118        56       800    0.5895    0.4115    0.4154    0.1616   0.04995   0.01395   0.02344
     57/99     9.11G   0.04984   0.01639    0.0225   0.08872        55       800    0.6415    0.3892    0.4385    0.1738   0.04946   0.01299   0.02234
     58/99     9.11G   0.04874   0.01676   0.02131   0.08682        63       800    0.6684    0.4518    0.4797    0.1997   0.04805   0.01307     0.021
     59/99     9.11G   0.04917   0.01621   0.02233    0.0877        49       800    0.6685    0.4373    0.4638     0.203   0.04819   0.01282   0.02201
     60/99     9.11G   0.04795   0.01631   0.02291   0.08717        52       800    0.5951    0.4541    0.4582    0.1869   0.04762    0.0141   0.02264
     61/99     9.11G   0.04898   0.01678   0.02327   0.08903        80       800    0.6554     0.385    0.4221    0.1767   0.04804   0.01471   0.02305
     62/99     9.11G   0.04825   0.01629   0.02219   0.08672        49       800    0.6324    0.4811    0.4804    0.2079   0.04528   0.01248   0.02163
     63/99     9.11G   0.04714   0.01541   0.02006   0.08261        54       800    0.6184    0.4591    0.4497    0.1839   0.04784   0.01334   0.02279
     64/99     9.11G   0.04843   0.01663   0.02171   0.08677        59       800    0.6534    0.4266    0.4591    0.1889   0.04643   0.01331   0.02024
     65/99     9.11G   0.04861   0.01657   0.02108   0.08626        70       800    0.6801    0.4791    0.5086    0.2148   0.04551   0.01281   0.01981
     66/99     9.11G   0.04655   0.01602    0.0195   0.08207        77       800    0.6574     0.451    0.4734    0.2044   0.04672   0.01266   0.02154
     67/99     9.11G   0.04631   0.01591   0.01883   0.08106        45       800     0.639    0.5085    0.5092    0.2244   0.04509   0.01252   0.01971
     68/99     9.11G   0.04675   0.01514   0.01914   0.08103        39       800    0.7088    0.4707    0.5247    0.2203   0.04612   0.01225   0.01892
     69/99     9.11G   0.04661   0.01545   0.01993   0.08199        44       800    0.7364    0.4715    0.5365    0.2371    0.0448   0.01265   0.02103
     70/99     9.11G   0.04605   0.01575   0.01968   0.08147        66       800    0.6914     0.517     0.534    0.2339   0.04561   0.01219   0.01815
     71/99     9.11G   0.04473   0.01579   0.01902   0.07954        59       800    0.7481    0.4633    0.5485    0.2434   0.04439   0.01219   0.01834
     72/99     9.11G   0.04522   0.01529   0.01878   0.07929        47       800    0.6909    0.5217    0.5665     0.254   0.04491   0.01201   0.01741
     73/99     9.11G   0.04395   0.01489   0.01785    0.0767        53       800    0.7039    0.5237    0.5453    0.2458   0.04417   0.01253    0.0178
     74/99     9.11G   0.04509   0.01529   0.01797   0.07835        50       800    0.7547    0.4986    0.5771    0.2708   0.04275   0.01196   0.01746
     75/99     9.11G    0.0444   0.01526   0.01817   0.07783        43       800    0.7455    0.4565    0.5352    0.2463   0.04465   0.01221   0.01853
     76/99     9.11G   0.04536   0.01527   0.01888   0.07951        38       800    0.7337    0.5056    0.5517    0.2492   0.04324   0.01191   0.01784
     77/99     9.11G    0.0459   0.01518   0.01789   0.07897        57       800    0.7117    0.4977    0.5493    0.2341   0.04413   0.01184   0.01723
     78/99     9.11G   0.04495   0.01579    0.0177   0.07844        63       800    0.7134    0.5059    0.5508    0.2488   0.04293   0.01171   0.01665
     79/99     9.11G   0.04446   0.01515   0.01713   0.07674        59       800    0.7842    0.5105    0.5871    0.2832   0.04279   0.01177   0.01618
     80/99     9.11G   0.04514     0.015   0.01732   0.07746        58       800    0.7252    0.5259    0.5699     0.269   0.04338   0.01188   0.01716
     81/99     9.11G   0.04528   0.01495   0.01618   0.07641        75       800    0.7291    0.5172    0.5559    0.2407   0.04405   0.01185   0.01755
     82/99     9.11G   0.04395    0.0148   0.01671   0.07546        54       800    0.7151    0.5475     0.574    0.2685   0.04257   0.01189   0.01613
     83/99     9.11G   0.04389   0.01551   0.01685   0.07625        57       800    0.7017    0.5141    0.5469    0.2457   0.04318   0.01217   0.01786
     84/99     9.11G   0.04377   0.01457   0.01672   0.07505        68       800    0.6867    0.5314    0.5643    0.2616   0.04242   0.01179   0.01672
     85/99     9.11G    0.0436   0.01518   0.01535   0.07414        53       800    0.7491    0.5319    0.5756    0.2623   0.04252   0.01175   0.01542
     86/99     9.11G   0.04432   0.01431   0.01593   0.07456        42       800    0.7395    0.5488    0.5962    0.2689   0.04354   0.01179   0.01539
     87/99     9.11G   0.04354   0.01446   0.01583   0.07383        38       800    0.7533    0.5197    0.5636    0.2582   0.04335   0.01174   0.01677
     88/99     9.11G   0.04264   0.01415   0.01585   0.07264        22       800    0.7726    0.5358    0.6028    0.2798   0.04147    0.0115   0.01549
     89/99     9.11G   0.04284   0.01466   0.01578   0.07327        50       800    0.7577    0.5213    0.5717    0.2603   0.04315    0.0116   0.01564
     90/99     9.11G   0.04264   0.01511    0.0153   0.07304        55       800    0.7137    0.5379    0.5804    0.2694   0.04179    0.0118    0.0158
     91/99     9.11G   0.04229   0.01435   0.01447   0.07111        61       800    0.7308     0.518    0.5639    0.2481   0.04433   0.01178   0.01716
     92/99     9.11G    0.0433   0.01426   0.01493   0.07249        51       800     0.768    0.5422    0.5869    0.2756   0.04244   0.01141    0.0165
     93/99     9.11G   0.04122   0.01456   0.01452    0.0703        42       800    0.7323    0.5767    0.5932    0.2884   0.04126   0.01127   0.01538
     94/99     9.11G   0.04233   0.01437   0.01468   0.07137        64       800    0.7612     0.549    0.5961    0.2705   0.04197   0.01196   0.01537
     95/99     9.11G   0.04277   0.01423   0.01445   0.07145        50       800    0.7751    0.5055    0.5695     0.273   0.04229   0.01184   0.01574
     96/99     9.11G   0.04404   0.01455   0.01606   0.07464        51       800    0.7356    0.5606     0.594    0.2815   0.04098   0.01161   0.01577
     97/99     9.11G   0.04147   0.01403   0.01416   0.06965        45       800    0.7352    0.5494    0.5893    0.2909   0.04112   0.01168   0.01622
     98/99     9.11G   0.04198   0.01453   0.01382   0.07033        66       800    0.7886    0.5517    0.6058    0.2882   0.04054   0.01123   0.01527
     99/99     9.11G   0.03988   0.01405   0.01419   0.06812        64       800    0.8083    0.5556    0.6174    0.3044   0.03951   0.01133   0.01481
