     0/199      5.4G    0.1196   0.03018    0.0535    0.2032        46       800 0.0007439 0.0005144 5.197e-05 1.039e-05     0.101   0.02269   0.04754
     1/199     9.28G   0.09614   0.02891   0.04737    0.1724        51       800   0.02983    0.2049   0.01644  0.002969   0.07379   0.02597   0.04383
     2/199     9.28G   0.07321   0.02791   0.04258    0.1437        65       800    0.2882    0.2133   0.06754    0.0174   0.06317   0.01934   0.04213
     3/199     9.28G   0.06701   0.02244   0.04268    0.1321        41       800    0.2488    0.3357   0.09225    0.0238   0.06062   0.01714   0.04009
     4/199     9.28G   0.06166   0.02059   0.03962    0.1219        38       800    0.3664    0.2562    0.1881   0.06757   0.05394   0.01638   0.03776
     5/199     9.28G   0.05875   0.01924   0.03765    0.1156        68       800    0.2998    0.2761    0.1336   0.03541   0.05549   0.01445    0.0355
     6/199     9.28G    0.0569   0.01783    0.0356    0.1103        35       800    0.3375    0.3865    0.2369   0.08623   0.05479     0.014   0.03536
     7/199     9.28G   0.05537   0.01733   0.03407    0.1068        42       800    0.3523    0.4535    0.2709   0.09361   0.04856   0.01386   0.03256
     8/199     9.28G    0.0542   0.01683   0.03257    0.1036        52       800    0.3722     0.483    0.2994     0.117   0.04642    0.0136    0.0328
     9/199     9.28G   0.05215   0.01635   0.02865   0.09716        61       800    0.4265    0.5162     0.353     0.132   0.04712   0.01269   0.02892
    10/199     9.28G   0.05214   0.01599   0.02898   0.09712        70       800    0.4341    0.5042    0.3495    0.1333   0.04536   0.01253   0.02992
    11/199     9.28G   0.05857   0.01558   0.02753    0.1017        35       800    0.4602    0.4092    0.3307    0.1059   0.06059   0.01228   0.02612
    12/199     9.28G   0.05937    0.0157   0.02789     0.103        41       800    0.5019    0.4555    0.3806    0.1488   0.04669   0.01291   0.02654
    13/199     9.28G   0.05496   0.01545   0.02542   0.09583        50       800    0.5224    0.4301     0.369    0.1397   0.04968   0.01245    0.0246
    14/199     9.28G   0.05523   0.01481   0.02511   0.09515        44       800    0.5565    0.4823     0.436    0.1743   0.04543   0.01245   0.02389
    15/199     9.28G   0.05199   0.01455   0.02371   0.09025        31       800     0.605    0.4524    0.4555    0.1842   0.04645   0.01191   0.02343
    16/199     9.28G   0.05284   0.01477   0.02302   0.09062        45       800    0.5602    0.4831    0.4365    0.1696   0.04668   0.01276   0.02223
    17/199     9.28G    0.0518   0.01469   0.02164   0.08813        45       800    0.6433    0.5034    0.4994     0.228     0.041   0.01177   0.02178
    18/199     9.28G   0.04961   0.01426   0.02161   0.08548        56       800    0.6427    0.4872    0.5057    0.2164    0.0438   0.01126    0.0224
    19/199     9.28G   0.04847   0.01454   0.02044   0.08345        60       800    0.6497    0.5084    0.5141    0.2202   0.04319   0.01211   0.02154
    20/199     9.28G   0.04907   0.01442   0.01996   0.08344        27       800    0.6705    0.5029    0.5157    0.2011   0.04456   0.01203    0.0229
    21/199     9.28G   0.05063   0.01455    0.0215   0.08668        80       800    0.7117    0.4849    0.5226     0.233   0.04425   0.01221   0.02027
    22/199     9.28G   0.04896   0.01484   0.01979   0.08359        55       800     0.731    0.4987    0.5301    0.2042   0.04616   0.01308   0.02104
    23/199     9.28G   0.04813    0.0141   0.01821   0.08044        47       800    0.7239     0.516    0.5618    0.2324   0.04359   0.01219   0.01899
    24/199     9.28G   0.04791   0.01455   0.01725   0.07971        48       800    0.7613    0.4992    0.5595    0.2431   0.04232   0.01176   0.01901
    25/199     9.28G   0.04565    0.0139   0.01733   0.07689        60       800    0.7265    0.4716    0.5214    0.2372   0.04195   0.01247   0.02037
    26/199     9.28G   0.04522   0.01389   0.01714   0.07626        49       800    0.7357    0.5164    0.5564    0.2584    0.0409   0.01228   0.01885
    27/199     9.28G   0.04368    0.0139   0.01532   0.07289        63       800    0.7748    0.5311    0.5972    0.2809   0.03959   0.01141   0.01637
    28/199     9.28G    0.0433   0.01357   0.01435   0.07122        47       800    0.7949    0.5615    0.6135    0.2904   0.03988   0.01132   0.01552
    29/199     9.28G   0.04358   0.01316   0.01372   0.07046        54       800     0.787    0.5354    0.5877    0.2734   0.03991   0.01109   0.01754
    30/199     9.28G    0.0417   0.01299   0.01462   0.06931        41       800    0.7788    0.5551     0.612    0.2851   0.04026   0.01089   0.01716
    31/199     9.28G   0.04211   0.01281   0.01363   0.06855        29       800    0.7966    0.5586    0.6066    0.2857   0.03844    0.0106   0.01653
    32/199     9.28G   0.04201   0.01283   0.01401   0.06885        40       800    0.7621    0.5543    0.5916    0.2924   0.03888   0.01113   0.01694
    33/199     9.28G   0.04106   0.01306   0.01242   0.06653        44       800    0.8272    0.5783    0.6471    0.3367   0.03665   0.01044   0.01351
    34/199     9.28G   0.04169   0.01291   0.01209   0.06669        54       800    0.8099    0.5532    0.6262    0.3241   0.03677    0.0103   0.01575
    35/199     9.28G   0.03981   0.01271    0.0126   0.06512        36       800    0.8295    0.5892    0.6442    0.3133   0.03691   0.01048   0.01443
    36/199     9.28G   0.03972   0.01246   0.01258   0.06476        59       800    0.8131    0.5911    0.6396    0.3319   0.03693   0.01034   0.01406
    37/199     9.28G   0.03949   0.01268    0.0123   0.06446        65       800    0.7922    0.5796    0.6361    0.3143   0.03656   0.01044   0.01486
    38/199     9.28G   0.04047   0.01251   0.01139   0.06437        45       800     0.805    0.6059    0.6427    0.3326   0.03569   0.01025   0.01613
    39/199     9.28G   0.03837   0.01276   0.01043   0.06157        80       800    0.7925    0.5945    0.6451     0.341   0.03568    0.0105    0.0143
    40/199     9.28G   0.03842   0.01247   0.01184   0.06273        63       800    0.8327    0.6072    0.6646    0.3304   0.03605   0.01007    0.0142
    41/199     9.28G   0.03767   0.01251   0.01241   0.06259        73       800    0.7805    0.5929    0.6258    0.3282    0.0359   0.01033   0.01486
    42/199     9.28G   0.03834   0.01253   0.01237   0.06324        33       800    0.8347     0.586    0.6675    0.3331   0.03609   0.01019   0.01367
    43/199     9.28G   0.03843   0.01204   0.01067   0.06114        67       800    0.8176    0.6066    0.6629    0.3373   0.03571   0.01015   0.01435
    44/199     9.28G   0.03755   0.01204   0.01179   0.06137        49       800    0.7855    0.5512     0.606    0.3116   0.03715   0.01094   0.01646
    45/199     9.28G   0.03744   0.01225   0.01081    0.0605        42       800     0.779    0.5553    0.6081    0.3268   0.03542   0.01027   0.01805
    46/199     9.28G   0.03681    0.0125   0.01025   0.05956        69       800    0.8277    0.5958    0.6542    0.3465   0.03586   0.01036   0.01371
    47/199     9.28G   0.03691   0.01189   0.01017   0.05898        33       800    0.8557    0.5822    0.6654    0.3664   0.03354   0.00984   0.01387
    48/199     9.28G   0.03712   0.01183  0.009537   0.05848        50       800    0.8198    0.6204    0.6634    0.3535   0.03503  0.009765    0.0131
    49/199     9.28G   0.03632    0.0118  0.009956   0.05808        62       800    0.8265    0.5678    0.6248    0.3423    0.0343  0.009995   0.01559
    50/199     9.28G   0.03653   0.01181  0.009104   0.05744        61       800    0.8605    0.6024    0.6692    0.3551   0.03499   0.01001   0.01241
    51/199     9.28G   0.03598   0.01175    0.0092   0.05693        63       800    0.8285    0.5966    0.6655     0.353   0.03526   0.01021   0.01533
    52/199     9.28G   0.03688    0.0118  0.009583   0.05826        49       800    0.8002    0.6136    0.6539    0.3522   0.03442   0.00986   0.01396
    53/199     9.28G   0.03598   0.01177  0.008806   0.05656        46       800    0.8025    0.5889    0.6414    0.3357   0.03481   0.01055   0.01544
    54/199     9.28G   0.03526   0.01193  0.009467   0.05666        63       800    0.8359    0.5907    0.6668    0.3665   0.03361  0.009807   0.01382
    55/199     9.28G   0.03636   0.01196  0.007883    0.0562        66       800     0.831    0.6021    0.6659    0.3628    0.0339   0.00987   0.01331
    56/199     9.28G   0.03546   0.01155   0.01019    0.0572        56       800    0.8299    0.6335    0.6873     0.376   0.03322   0.00982   0.01345
    57/199     9.28G   0.03413   0.01149  0.008349   0.05396        59       800    0.8553    0.6069    0.6812    0.3791   0.03311  0.009821   0.01347
    58/199     9.28G    0.0341   0.01177  0.008321   0.05419        66       800    0.8598    0.6157    0.6905    0.3832   0.03405  0.009573   0.01371
    59/199     9.28G   0.03502   0.01157  0.007927   0.05452        53       800    0.8175    0.6489    0.6854    0.3839   0.03279  0.009367   0.01276
    60/199     9.28G   0.03419   0.01146  0.008839   0.05449        52       800    0.8027    0.6393    0.6769    0.3654   0.03419  0.009621    0.0146
    61/199     9.28G    0.0342   0.01166   0.00855    0.0544        74       800    0.8227    0.6344    0.6793    0.3806   0.03331  0.009531   0.01339
    62/199     9.28G   0.03367   0.01139  0.007984   0.05304        56       800    0.8499    0.6125    0.6897    0.3808   0.03269  0.009311   0.01229
    63/199     9.28G   0.03344   0.01089  0.007291   0.05162        49       800    0.8609    0.6355    0.6946     0.387   0.03303  0.009111    0.0121
    64/199     9.28G   0.03316   0.01138  0.007388   0.05193        63       800    0.8571    0.6133    0.6841    0.3694    0.0341  0.009363   0.01292
    65/199     9.28G   0.03345   0.01117  0.007905   0.05253        72       800    0.8545    0.6213    0.6953    0.3858   0.03278  0.009431   0.01273
    66/199     9.28G   0.03361   0.01128   0.00693   0.05182        79       800    0.8263    0.6499     0.705    0.3938    0.0327  0.009339   0.01257
    67/199     9.28G   0.03394   0.01139  0.006813   0.05215        37       800    0.8636    0.6239    0.6848    0.3889   0.03222  0.009371   0.01275
    68/199     9.28G   0.03355   0.01054  0.006863   0.05095        36       800    0.8708    0.6381    0.7142     0.407   0.03252  0.009038   0.01223
    69/199     9.28G     0.033   0.01113  0.008023   0.05215        43       800     0.843    0.6496    0.7033    0.3934   0.03193  0.009243   0.01296
    70/199     9.28G   0.03333   0.01132  0.008327   0.05298        86       800    0.8667    0.6146    0.7032    0.3906   0.03263  0.009359   0.01294
    71/199     9.28G   0.03222   0.01138  0.007214   0.05082        59       800     0.848    0.6596    0.7323    0.4056   0.03219  0.009216    0.0119
    72/199     9.28G   0.03217   0.01104   0.00677   0.04998        44       800    0.8282    0.6501    0.7196    0.4166    0.0318  0.009312   0.01236
    73/199     9.28G   0.03172   0.01083  0.006516   0.04906        59       800    0.8513    0.6269    0.7147    0.4032   0.03261  0.009356   0.01281
    74/199     9.28G   0.03286   0.01126  0.007247   0.05137        49       800    0.8633    0.6343    0.7166    0.4002   0.03196  0.009289   0.01244
    75/199     9.28G   0.03187   0.01092  0.007307   0.05009        46       800    0.8532    0.6133    0.7087    0.3958   0.03267  0.009444   0.01217
    76/199     9.28G   0.03231   0.01083  0.006708   0.04984        46       800    0.8591     0.634    0.7169    0.4023   0.03194  0.009254   0.01292
    77/199     9.28G    0.0327   0.01071  0.006427   0.04983        48       800    0.8388    0.6562     0.724      0.42    0.0313  0.009026   0.01165
    78/199     9.28G   0.03121   0.01135  0.007087   0.04965        57       800    0.8429    0.6547    0.7126    0.4217   0.03105  0.009084   0.01252
    79/199     9.28G   0.03148    0.0109  0.006971   0.04936        57       800    0.8435    0.6344    0.7016    0.4118   0.03103  0.009112   0.01212
    80/199     9.28G   0.03139   0.01077   0.00635   0.04851        55       800    0.8573    0.6361    0.7277    0.4156   0.03079  0.009203    0.0127
    81/199     9.28G   0.03116   0.01054  0.006002   0.04771        75       800    0.8871    0.6484    0.7488    0.4321   0.03083  0.009009   0.01221
    82/199     9.28G   0.03072   0.01051   0.00594   0.04717        48       800    0.8584      0.67    0.7359    0.4264   0.03075  0.009136   0.01106
    83/199     9.28G      0.03   0.01065  0.005695   0.04635        44       800     0.867    0.6266    0.7172    0.4166   0.03097  0.008996   0.01231
    84/199     9.28G   0.03086   0.01056   0.00568    0.0471        69       800     0.878    0.6549    0.7392    0.4293   0.03107  0.008974   0.01136
    85/199     9.28G   0.03014    0.0105  0.006364   0.04701        48       800    0.8739    0.6459    0.7469      0.44   0.03034  0.008876   0.01237
    86/199     9.28G   0.03095   0.01008  0.005666    0.0467        38       800     0.856    0.6686     0.738    0.4245   0.03101  0.009115   0.01206
    87/199     9.28G   0.02993   0.01046   0.00645   0.04684        44       800    0.8561    0.6542    0.7247    0.4168   0.03113  0.009234   0.01464
    88/199     9.28G   0.03011   0.01042   0.00575   0.04629        33       800    0.8813    0.6502     0.761     0.446   0.03025  0.008957   0.01124
    89/199     9.28G   0.02967   0.01052  0.005409   0.04559        53       800    0.8593    0.6751    0.7623    0.4449   0.03057  0.009019   0.01149
    90/199     9.28G   0.03029   0.01057  0.005273   0.04613        59       800    0.8522    0.6672    0.7508    0.4419   0.03063  0.009046   0.01115
    91/199     9.28G   0.02962   0.01001  0.004678   0.04432        57       800    0.8757    0.6541    0.7644    0.4446   0.03075  0.008871    0.0112
    92/199     9.28G   0.03053   0.01014  0.005385   0.04606        57       800    0.8574    0.6616    0.7546    0.4432   0.03109  0.009226    0.0117
    93/199     9.28G    0.0302   0.01048  0.005603   0.04628        34       800    0.8592    0.6543    0.7728    0.4453   0.03073  0.009043   0.01367
    94/199     9.28G   0.02989   0.01041  0.005299    0.0456        69       800     0.859    0.6487     0.767    0.4522   0.03038  0.008994   0.01232
    95/199     9.28G   0.02926   0.01004  0.005441   0.04474        52       800    0.8824    0.6294    0.7614    0.4437   0.02993   0.00904   0.01208
    96/199     9.28G   0.02907   0.01014  0.005127   0.04434        47       800    0.8342    0.6255    0.7338     0.419   0.03076  0.009269    0.0129
    97/199     9.28G   0.02899   0.01002  0.005505   0.04451        42       800    0.8438    0.6587    0.7657    0.4383   0.03054  0.009085   0.01281
    98/199     9.28G    0.0294   0.01042   0.00515   0.04497        69       800    0.8852    0.6353    0.7613    0.4416    0.0302  0.008912    0.0117
    99/199     9.28G   0.02836   0.01009  0.005541   0.04398        63       800    0.8759    0.6392    0.7541    0.4378   0.03026  0.008816   0.01414
   100/199     9.28G   0.02863  0.009801  0.004994   0.04342        51       800    0.8526    0.6573    0.7546    0.4469   0.03007  0.008909   0.01335
   101/199     9.28G   0.02826  0.009949  0.005512   0.04372        53       800    0.8438    0.6643    0.7553    0.4505   0.02964  0.008799   0.01279
   102/199     9.28G   0.02879  0.009807  0.005039   0.04364        59       800    0.6365    0.7835    0.7595    0.4618   0.02971  0.008827   0.01219
   103/199     9.28G   0.02849  0.009958  0.004909   0.04336        68       800    0.6843    0.7689    0.7607    0.4558    0.0298  0.008839    0.0121
   104/199     9.28G   0.02837   0.01016  0.005624   0.04416        61       800    0.6736    0.7974    0.7867    0.4681    0.0297  0.008925   0.01182
   105/199     9.28G   0.02799   0.01005  0.004842   0.04289        61       800    0.6973    0.7898    0.7851     0.464   0.02958  0.008881   0.01253
   106/199     9.28G   0.02788  0.009886  0.004815   0.04258        61       800     0.694    0.7687    0.7708    0.4559   0.02972   0.00893   0.01251
   107/199     9.28G    0.0276  0.009719   0.00428    0.0416        65       800    0.6649    0.7884      0.78    0.4582   0.02941  0.008685   0.01165
   108/199     9.28G   0.02751   0.01012  0.004577    0.0422        56       800    0.7335    0.7973    0.7989    0.4699    0.0297  0.008784    0.0116
   109/199     9.28G   0.02807  0.009713  0.003987   0.04177        32       800    0.7179    0.7857     0.782    0.4667   0.02947  0.008847   0.01251
   110/199     9.28G   0.02794  0.009941  0.004484   0.04236        52       800    0.7154    0.7863    0.7939    0.4755   0.02904  0.008845   0.01203
   111/199     9.28G   0.02743  0.009684  0.003862   0.04098        66       800    0.7736    0.7845    0.8043    0.4778   0.02952  0.008795   0.01107
   112/199     9.28G   0.02707  0.009823  0.004229   0.04112        53       800    0.7683    0.7608    0.7935    0.4731   0.02925  0.008823   0.01225
   113/199     9.28G   0.02731  0.009522  0.003925   0.04076        46       800    0.7834    0.7522    0.7731    0.4584   0.02967  0.008839   0.01207
   114/199     9.28G   0.02786   0.01018  0.004347   0.04238        49       800    0.7636     0.755    0.7624    0.4475    0.0301  0.008923   0.01309
   115/199     9.28G   0.02788   0.01005  0.004496   0.04243        61       800    0.7922    0.7547    0.7913    0.4661   0.02917  0.008913   0.01287
   116/199     9.28G   0.02748  0.009957  0.004446   0.04188        59       800    0.7849    0.7612    0.7897    0.4606   0.02916  0.008753   0.01194
   117/199     9.28G   0.02711  0.009754  0.003817   0.04068        37       800    0.8066    0.7591    0.7923    0.4732   0.02889  0.008769   0.01204
   118/199     9.28G   0.02704  0.009658  0.004153   0.04085        59       800    0.8315    0.7266    0.7958    0.4771   0.02848  0.008684   0.01205
   119/199     9.28G    0.0266  0.009602  0.003453   0.03965        72       800    0.8176    0.7381    0.7874    0.4721   0.02846  0.008729    0.0121
   120/199     9.28G   0.02665  0.009746  0.003921   0.04032        58       800    0.8105    0.7364    0.7892    0.4541   0.02957  0.009022   0.01304
   121/199     9.28G   0.02639  0.009509  0.003944   0.03984        59       800    0.8509    0.7132    0.7864    0.4676   0.02903  0.008872   0.01245
   122/199     9.28G   0.02635  0.009602     0.004   0.03995        54       800    0.8053    0.7346    0.7839    0.4595    0.0287  0.008707   0.01245
   123/199     9.28G    0.0263  0.009504  0.004212   0.04002        42       800    0.8099    0.7364    0.7867    0.4668   0.02818   0.00868   0.01211
   124/199     9.28G   0.02519  0.009232  0.004001   0.03843        42       800    0.8146     0.699    0.7757     0.463   0.02918  0.008881   0.01193
   125/199     9.28G   0.02603  0.009296  0.003636   0.03896        45       800    0.8557    0.7304    0.7936    0.4636   0.02975  0.008801   0.01293
   126/199     9.28G   0.02628  0.009509  0.003479   0.03927        59       800    0.8662    0.7124    0.7828    0.4617   0.02895  0.008867   0.01323
   127/199     9.28G   0.02618  0.009338  0.003198   0.03872        57       800     0.762    0.7615    0.7825    0.4632   0.02949  0.008826   0.01563
   128/199     9.28G   0.02565  0.009423  0.003258   0.03833        62       800     0.813    0.7499    0.7972    0.4808   0.02891  0.008691   0.01284
   129/199     9.28G   0.02552  0.009236  0.003376   0.03813        61       800    0.8338    0.7428    0.8045    0.4916   0.02855  0.008594   0.01159
   130/199     9.28G    0.0255   0.00918  0.003305   0.03798        51       800    0.7429    0.8097    0.7984    0.4745   0.02861  0.008727   0.01212
   131/199     9.28G   0.02535  0.009455  0.003039   0.03785        44       800    0.7538    0.7884    0.7815     0.467   0.02875  0.008682   0.01321
   132/199     9.28G   0.02593  0.009433  0.002919   0.03828        61       800    0.7799    0.7579    0.7828    0.4778   0.02813  0.008609   0.01328
   133/199     9.28G   0.02576  0.009291  0.003203   0.03825        44       800    0.8679    0.7145    0.8008    0.4874   0.02839  0.008615    0.0128
   134/199     9.28G   0.02508  0.009198  0.002982   0.03726        49       800    0.8516     0.715     0.807    0.4808   0.02838  0.008566    0.0122
   135/199     9.28G   0.02516  0.009226  0.002984   0.03737        39       800    0.8234    0.7319    0.7979    0.4901   0.02835  0.008607   0.01377
   136/199     9.28G   0.02518  0.009132  0.002803   0.03712        41       800    0.8309     0.728    0.7826    0.4728   0.02853   0.00873   0.01388
   137/199     9.28G    0.0249  0.008837  0.002689   0.03643        48       800    0.7823    0.7899    0.8017    0.4868   0.02836  0.008628   0.01232
   138/199     9.28G   0.02545  0.008892  0.002975   0.03731        39       800    0.7353    0.7788    0.7851     0.468    0.0288  0.008769   0.01451
   139/199     9.28G   0.02439   0.00888  0.003043   0.03631        58       800    0.8091    0.7222    0.7831    0.4808   0.02801  0.008669   0.01418
   140/199     9.28G   0.02419  0.008949  0.003148   0.03628        56       800    0.8597    0.7147    0.7958     0.482   0.02814  0.008643   0.01377
   141/199     9.28G   0.02489  0.009047  0.002935   0.03687        31       800    0.7836    0.7752     0.785    0.4739    0.0281  0.008726   0.01325
   142/199     9.28G   0.02447  0.008958  0.002837   0.03627        41       800     0.827    0.7163    0.7738    0.4621   0.02865  0.008769   0.01405
   143/199     9.28G   0.02474  0.009173  0.002644   0.03655        47       800    0.7786    0.7791    0.7979    0.4881   0.02763  0.008594   0.01335
   144/199     9.28G   0.02507  0.008904  0.003158   0.03713        60       800    0.8099    0.7377     0.775    0.4716   0.02805  0.008632   0.01402
   145/199     9.28G   0.02485  0.009034  0.002933   0.03682        49       800    0.7844     0.769    0.7872    0.4709   0.02868  0.008765   0.01293
   146/199     9.28G   0.02366  0.009004  0.002871   0.03553        51       800     0.838    0.7526     0.797    0.4909   0.02819  0.008664   0.01352
   147/199     9.28G   0.02446  0.008919  0.002716   0.03609        60       800    0.8067    0.7548    0.7938    0.4865   0.02813  0.008681   0.01282
   148/199     9.28G   0.02381   0.00876  0.002686   0.03526        45       800    0.8642    0.7223    0.8003    0.4974   0.02775  0.008542   0.01278
   149/199     9.28G    0.0236   0.00876   0.00272   0.03508        53       800    0.8576    0.7481    0.7993    0.4872   0.02822  0.008632   0.01274
   150/199     9.28G   0.02396  0.008865   0.00268    0.0355        44       800    0.8133    0.7623    0.7978    0.4818   0.02829  0.008757   0.01272
   151/199     9.28G    0.0238  0.009088  0.002398   0.03529        80       800    0.8389    0.7585    0.7955    0.4895   0.02775  0.008641   0.01266
   152/199     9.28G   0.02382   0.00906  0.002344   0.03522        72       800    0.8017    0.7622      0.79    0.4834   0.02816  0.008704   0.01259
   153/199     9.28G   0.02376  0.008956  0.002631   0.03535        50       800    0.8124    0.7557    0.7948    0.4773   0.02846  0.008702   0.01282
   154/199     9.28G   0.02419  0.008776  0.002505   0.03547        56       800    0.8542    0.7522    0.8106    0.4952   0.02791   0.00864   0.01252
   155/199     9.28G   0.02372  0.009146  0.002532    0.0354        55       800    0.8107     0.775     0.805    0.4919   0.02814  0.008667   0.01195
   156/199     9.28G   0.02356  0.008824   0.00224   0.03463        65       800    0.8375    0.7752    0.8105     0.485   0.02819  0.008715   0.01235
   157/199     9.28G   0.02306  0.008823  0.002342   0.03422        39       800    0.8005    0.7718    0.7973    0.4781   0.02838  0.008671   0.01262
   158/199     9.28G   0.02361   0.00886  0.002445   0.03491        41       800    0.8064    0.7699    0.7999    0.4942   0.02761  0.008547   0.01269
   159/199     9.28G   0.02364  0.008625  0.002991   0.03525        73       800    0.7922    0.7892    0.7977    0.4835    0.0283  0.008697   0.01314
   160/199     9.28G   0.02356  0.009033  0.002276   0.03487        48       800     0.797    0.7912    0.8006    0.4923   0.02806  0.008676   0.01298
   161/199     9.28G   0.02291  0.008785   0.00204   0.03374        52       800    0.8083    0.7798    0.8038    0.4863   0.02812  0.008745   0.01278
   162/199     9.28G    0.0233  0.008469  0.002653   0.03442        35       800    0.8204    0.7746    0.8176    0.4999   0.02778  0.008561   0.01234
   163/199     9.28G   0.02287  0.008836  0.001998   0.03371        53       800    0.8414    0.7703    0.8101    0.4874   0.02807  0.008626   0.01233
   164/199     9.28G   0.02339  0.008782  0.002434   0.03461        55       800    0.8101    0.7558    0.7923    0.4752   0.02854  0.008731    0.0136
   165/199     9.28G   0.02221  0.008585  0.002152   0.03295        59       800    0.8453    0.7595    0.8069    0.5034   0.02748  0.008537   0.01283
   166/199     9.28G   0.02283  0.008707  0.002194   0.03373        46       800    0.8011    0.7833    0.8076    0.5025   0.02755   0.00864   0.01281
   167/199     9.28G   0.02342  0.008733  0.002274   0.03443        51       800    0.8485    0.7775    0.8093    0.4961   0.02823  0.008735   0.01262
   168/199     9.28G   0.02246  0.008757  0.002198   0.03342        79       800    0.8136    0.7919     0.815    0.4976   0.02766  0.008611   0.01249
   169/199     9.28G   0.02329  0.008506  0.002619   0.03442        48       800    0.8201    0.8087    0.8205    0.4974   0.02755  0.008543   0.01247
   170/199     9.28G   0.02274  0.008574  0.002133   0.03345        44       800    0.8705    0.7689    0.8185    0.4949    0.0277  0.008487   0.01273
   171/199     9.28G    0.0226  0.008618  0.002094   0.03332        68       800    0.8474    0.7926     0.817    0.4904   0.02783  0.008621    0.0129
   172/199     9.28G   0.02275  0.008476  0.001765   0.03299        57       800    0.7919    0.8043    0.7971    0.4778    0.0277  0.008639   0.01266
   173/199     9.28G   0.02297   0.00852  0.002007    0.0335        47       800    0.8058    0.7775    0.7985     0.489   0.02765  0.008588   0.01286
   174/199     9.28G   0.02228  0.008597  0.002106   0.03298        42       800    0.8384    0.7604    0.7963    0.4856   0.02766  0.008613   0.01323
   175/199     9.28G   0.02289  0.008605  0.002083   0.03358        40       800    0.8396    0.7689     0.805    0.4948    0.0277  0.008566   0.01264
   176/199     9.28G   0.02243  0.008737  0.002019   0.03319        51       800     0.832    0.7787    0.8025    0.4964   0.02751  0.008496   0.01269
   177/199     9.28G   0.02194  0.008434  0.002105   0.03248        54       800    0.8157    0.7695    0.8017    0.4945   0.02764  0.008617   0.01299
   178/199     9.28G    0.0226  0.008733  0.002042   0.03338        55       800    0.8422     0.779     0.813     0.499   0.02765  0.008619   0.01264
   179/199     9.28G   0.02204  0.008597  0.001931   0.03257        49       800    0.7927    0.7857    0.7881    0.4871   0.02759  0.008589   0.01351
   180/199     9.28G   0.02203  0.008388  0.002024   0.03244        72       800    0.8017    0.7861    0.7898    0.4831   0.02773  0.008615   0.01362
   181/199     9.28G   0.02215  0.008599   0.00205    0.0328        71       800    0.8238    0.7986    0.8066    0.4965   0.02735  0.008523    0.0128
   182/199     9.28G   0.02259  0.008561  0.002155    0.0333        51       800    0.8226    0.7476    0.7862    0.4812   0.02783  0.008621   0.01325
   183/199     9.28G    0.0224   0.00842  0.001969   0.03279        47       800    0.7942    0.7771    0.7935    0.4862    0.0274  0.008562   0.01382
   184/199     9.28G   0.02216  0.008557  0.001976    0.0327        56       800    0.7793    0.7987    0.7933    0.4842   0.02759  0.008656   0.01339
   185/199     9.28G   0.02302  0.008426  0.002116   0.03356        77       800     0.815    0.7853    0.8048    0.4998   0.02745    0.0086   0.01313
   186/199     9.28G    0.0222  0.008462  0.001906   0.03257        55       800    0.7867     0.795    0.8009    0.4889   0.02738  0.008627   0.01316
   187/199     9.28G   0.02167  0.008501  0.002123   0.03229        43       800    0.8034    0.7825    0.8079    0.4926   0.02764  0.008632   0.01347
   188/199     9.28G   0.02246  0.008523  0.001707   0.03269        39       800    0.8094    0.7947    0.8069      0.49   0.02762  0.008597   0.01388
   189/199     9.28G   0.02144  0.008594  0.001848   0.03188        47       800    0.7877    0.7919    0.7996    0.4802   0.02781  0.008615   0.01419
   190/199     9.28G   0.02203  0.008411   0.00197   0.03241        39       800    0.8182     0.788    0.8043    0.4878   0.02758  0.008549   0.01413
   191/199     9.28G     0.022  0.008462  0.001863   0.03232        58       800    0.8172    0.7749    0.8007    0.4951   0.02742  0.008483   0.01411
   192/199     9.28G   0.02187  0.008233  0.001995   0.03209        54       800    0.8275    0.7784    0.7994     0.491   0.02715  0.008525   0.01408
   193/199     9.28G   0.02203  0.008243  0.001706   0.03198        49       800    0.8534    0.7696    0.8003    0.4884   0.02726  0.008561   0.01393
   194/199     9.28G   0.02111  0.008194  0.001785   0.03109        70       800    0.8211    0.7588    0.7873    0.4784   0.02769  0.008599   0.01432
   195/199     9.28G   0.02146  0.008288  0.001709   0.03145        61       800    0.8051    0.7775    0.7948    0.4863   0.02735  0.008584   0.01379
   196/199     9.28G   0.02175  0.008398  0.001917   0.03206        49       800    0.7968    0.7854    0.7919    0.4879   0.02746  0.008625   0.01397
   197/199     9.28G   0.02203  0.008446  0.002032   0.03251        54       800    0.8313     0.786     0.815    0.5056   0.02722  0.008536    0.0133
   198/199     9.28G   0.02199  0.008163   0.00194   0.03209        45       800    0.8529    0.7814     0.814    0.4995   0.02724  0.008516   0.01326
   199/199     9.28G   0.02157  0.008199  0.001771   0.03154        47       800      0.81    0.7864    0.7977    0.4941   0.02742  0.008553   0.01325
