     0/199     9.62G   0.07314   0.02388   0.04121    0.1382       116       800    0.4387    0.2044   0.09391   0.02163   0.07217   0.02681   0.04989
     1/199      9.5G   0.06193   0.01895   0.03426    0.1151       114       800    0.3165    0.3778    0.1511   0.03978   0.06605   0.04166   0.03941
     2/199      9.5G   0.06006   0.01935   0.03257     0.112       110       800    0.6404    0.1804    0.1538   0.04752   0.06997   0.02765   0.04351
     3/199      9.5G   0.06086   0.01959   0.03208    0.1125       171       800    0.6692    0.1958    0.1839   0.05196   0.06383   0.01968    0.0416
     4/199     9.51G   0.06062   0.01983   0.03228    0.1127       116       800    0.3035    0.3833    0.1917   0.05362   0.06289   0.02197   0.03966
     5/199     9.51G   0.05911   0.01942   0.03115    0.1097       134       800    0.4835    0.3061    0.2222   0.07447   0.05925   0.02351   0.03854
     6/199     9.51G    0.0576   0.01937   0.03017    0.1071       138       800    0.4088    0.4139    0.2769    0.1019   0.05528   0.01438   0.03122
     7/199     9.51G   0.05799   0.01903   0.03022    0.1072       157       800    0.4679    0.4134    0.3253    0.1095   0.05816   0.01387   0.03288
     8/199     9.51G   0.05632   0.01884   0.02974    0.1049       132       800    0.3823    0.3729    0.2303    0.0762   0.07385   0.01492    0.7429
     9/199     9.51G   0.05614    0.0185    0.0282    0.1028       121       800    0.5351      0.31    0.3199    0.1174   0.05887   0.01482   0.03277
    10/199     9.51G   0.05724   0.01943   0.03075    0.1074        96       800    0.5938    0.3348    0.2704   0.08472   0.06123   0.01753    0.0366
    11/199     9.51G   0.05842   0.01983   0.03062    0.1089       127       800    0.4776    0.3744    0.3089    0.1118   0.05662    0.0136   0.03356
    12/199     9.51G   0.05578   0.01881   0.02827    0.1029       112       800    0.5199    0.4108    0.3747    0.1477   0.05181   0.01358   0.03183
    13/199     9.51G   0.05229   0.01826   0.02662   0.09717        95       800    0.4666    0.4102    0.3534    0.1407   0.05057   0.01351   0.03502
    14/199     9.51G   0.05351   0.01791   0.02665   0.09807       139       800    0.4759     0.458    0.3561    0.1335   0.05046   0.01354   0.03177
    15/199     9.51G   0.05193   0.01764   0.02514    0.0947       158       800    0.5268    0.4729    0.4179     0.174   0.04992   0.01371   0.02786
    16/199     9.51G    0.0523   0.01774   0.02519   0.09523       165       800    0.5059    0.4286    0.3938     0.158   0.05042   0.01273   0.02916
    17/199     9.51G   0.05146    0.0178   0.02474   0.09401       114       800    0.5578    0.4434    0.4195    0.1655   0.04913   0.01331   0.02805
    18/199     9.51G   0.05233   0.01787   0.02401   0.09421       136       800    0.5762    0.4428    0.4373    0.1674   0.05034   0.01294   0.02532
    19/199     9.51G   0.05198   0.01751   0.02533   0.09482       126       800    0.6147    0.3865    0.3984    0.1606     0.051   0.01319    0.0308
    20/199     9.51G   0.05283   0.01827   0.02512   0.09622       142       800    0.5285    0.4662    0.4132    0.1553   0.05195   0.01304   0.02924
    21/199     9.51G   0.05091   0.01741   0.02313   0.09144       122       800    0.6322    0.4627    0.4706    0.1931   0.04745   0.01337   0.02865
    22/199     9.51G   0.05085   0.01803   0.02368   0.09256       141       800    0.5253     0.395     0.374    0.1343   0.05546   0.01507   0.03685
    23/199     9.51G    0.0504   0.01777   0.02343   0.09159       123       800      0.63    0.4536    0.4538    0.1909   0.04769   0.01272    0.0257
    24/199     9.51G   0.04987   0.01715   0.02231   0.08933       111       800    0.6164    0.4535      0.45    0.1815   0.04976   0.01294   0.02543
    25/199     9.51G   0.05109   0.01789   0.02342    0.0924       139       800    0.6712     0.399    0.4292    0.1698   0.04882   0.01311   0.02563
    26/199     9.51G   0.05062   0.01792   0.02275   0.09129       121       800    0.7001    0.4535    0.5042    0.2122   0.04847   0.01277   0.02315
    27/199     9.51G   0.04964   0.01691   0.02207   0.08862       119       800    0.6588     0.482    0.5067    0.2107   0.04836   0.01258   0.02473
    28/199     9.51G   0.05086    0.0174   0.02237   0.09063       129       800     0.583    0.4398    0.4292     0.179   0.05761   0.01894   0.03986
    29/199     9.51G   0.05021   0.01749   0.02228   0.08998       163       800     0.616    0.4119    0.4389    0.1589   0.05095   0.01431   0.02654
    30/199     9.51G   0.05014   0.01756   0.02168   0.08938       119       800    0.6362    0.4876    0.4949    0.2039   0.04769   0.01273   0.02377
    31/199     9.51G   0.05056   0.01762   0.02224   0.09043       105       800    0.6549    0.4474    0.4795    0.1943   0.04747    0.0134   0.02332
    32/199     9.51G   0.05027   0.01726   0.02205   0.08959        94       800    0.6397    0.4645    0.4907    0.1945   0.04936   0.01264   0.02415
    33/199     9.51G    0.0497   0.01728   0.02147   0.08845       119       800    0.6945    0.4623    0.5029    0.2192   0.04505   0.01203   0.02628
    34/199     9.51G   0.04953   0.01713   0.02056   0.08721       142       800    0.7192     0.459     0.509    0.2145   0.04706   0.01343   0.02162
    35/199     9.51G   0.04917    0.0171   0.02047   0.08674       130       800    0.6792    0.4817    0.5209     0.224   0.04564   0.01235   0.02109
    36/199     9.51G   0.05035   0.01735   0.02158   0.08928       136       800    0.6107    0.4514    0.4443    0.1762   0.04886    0.0138   0.02476
    37/199     9.51G   0.04916   0.01709   0.02101   0.08725       137       800    0.7127    0.4854    0.5249    0.2149   0.04663   0.01247     0.021
    38/199     9.51G   0.04903    0.0172   0.02078   0.08701       133       800    0.6697    0.4972    0.4962    0.2084   0.04631   0.01268   0.02327
    39/199     9.51G   0.04963   0.01744   0.02136   0.08843       141       800    0.6731    0.4341    0.4684    0.1947   0.04841    0.0146    0.0235
    40/199     9.51G   0.04832   0.01679   0.02007   0.08519       119       800     0.651    0.5043    0.5095     0.219   0.04535   0.01228   0.02149
    41/199     9.51G   0.04824   0.01732   0.02064   0.08621       130       800    0.7399    0.4447    0.5166    0.2185   0.04505   0.01383   0.02156
    42/199     9.51G   0.04833   0.01658   0.01981   0.08471       110       800    0.6765    0.4726    0.5197    0.2117   0.04776   0.01286   0.02244
    43/199     9.51G   0.04831   0.01692   0.01957   0.08479       112       800    0.6903    0.4882    0.5382    0.2431    0.0462   0.01333   0.02212
    44/199     9.51G   0.04783   0.01668   0.01938   0.08389       151       800    0.7234     0.458    0.5096     0.227   0.04419    0.0125   0.02258
    45/199     9.51G   0.04812   0.01689   0.01974   0.08475       117       800    0.7141    0.4495    0.4977    0.2093   0.04642   0.01266   0.02378
    46/199     9.51G   0.04833   0.01736    0.0212    0.0869       129       800    0.6241    0.4705     0.488     0.196   0.04752   0.01301   0.02226
    47/199     9.51G   0.04805   0.01653   0.02046   0.08504       102       800    0.7735    0.4628    0.5424    0.2408   0.04444   0.01199   0.02197
    48/199     9.51G   0.04853   0.01675   0.01927   0.08455       152       800    0.7505    0.4702    0.5265    0.2274   0.04501   0.01196   0.02276
    49/199     9.51G   0.04814   0.01681   0.02009   0.08504       131       800    0.7514    0.5189    0.5608    0.2502   0.04333    0.0116   0.01906
    50/199     9.51G   0.04658   0.01683   0.01919   0.08259       119       800    0.7469    0.4905    0.5488    0.2347    0.0454   0.01182   0.01942
    51/199     9.51G   0.04731   0.01681   0.01923   0.08335       140       800    0.7353    0.5177    0.5544    0.2334   0.04304   0.01196   0.01959
    52/199     9.51G   0.04804   0.01665   0.01927   0.08396       129       800     0.723    0.5308    0.5933    0.2754   0.04323   0.01157   0.01748
    53/199     9.51G   0.04709   0.01652   0.01887   0.08248       120       800    0.6885    0.5543    0.5687    0.2553   0.04302   0.01214   0.01881
    54/199     9.51G   0.04962   0.01704   0.01963   0.08628       133       800    0.7582    0.5147    0.5757    0.2536   0.04265   0.01176   0.01872
    55/199     9.51G   0.04768    0.0165   0.01945   0.08364       170       800    0.7286    0.5079     0.575    0.2446   0.04452   0.01261   0.02131
    56/199     9.51G   0.04741   0.01659    0.0188    0.0828       107       800    0.7471    0.5264    0.5591    0.2525   0.04348   0.01177   0.02049
    57/199     9.51G   0.04685   0.01623   0.01815   0.08124       163       800    0.7671    0.4753    0.5358    0.2354   0.04367   0.01203   0.01931
    58/199     9.51G   0.04593   0.01611   0.01742   0.07946       130       800    0.7727    0.5141    0.6016    0.2694   0.04255   0.01187   0.01839
    59/199     9.51G   0.04734   0.01656   0.01914   0.08304       137       800    0.7516    0.4715    0.5402    0.2295   0.04454   0.01313    0.0201
    60/199     9.51G   0.04839   0.01699   0.01917   0.08455       157       800    0.7109    0.4907    0.5471    0.2448    0.0448    0.0118   0.02317
    61/199     9.51G   0.04709   0.01645   0.01816    0.0817       132       800      0.72    0.5418    0.5864    0.2643   0.04209   0.01162   0.01821
    62/199     9.51G   0.04766   0.01673   0.01944   0.08383        96       800    0.7283    0.5332    0.5663    0.2529   0.04313   0.01173   0.01875
    63/199     9.51G   0.04645   0.01657   0.01781   0.08084       118       800    0.7416    0.5443    0.6048    0.2771   0.04275   0.01128   0.01867
    64/199     9.51G   0.04623   0.01646   0.01781    0.0805       101       800    0.7666    0.5032     0.575    0.2622   0.04304   0.01165   0.01643
    65/199     9.51G    0.0473   0.01581   0.01709    0.0802       130       800    0.7851    0.5203    0.5843    0.2578   0.04207   0.01163   0.01726
    66/199     9.51G   0.04712   0.01632    0.0184   0.08183       115       800    0.7899    0.5568    0.6171    0.2772   0.04291   0.01129    0.0162
    67/199     9.51G   0.04668   0.01607   0.01713   0.07989       120       800    0.7712    0.5178    0.5802    0.2683   0.04247   0.01182   0.01723
    68/199     9.51G   0.04761   0.01633   0.01916    0.0831       105       800    0.7611    0.5449    0.6007    0.2627   0.04212    0.0113   0.01779
    69/199     9.51G   0.04629   0.01609   0.01733   0.07972       151       800     0.783    0.5298    0.5969    0.2745   0.04242    0.0112   0.01658
    70/199     9.51G   0.04677   0.01643    0.0182   0.08139       120       800    0.7567    0.5332    0.5844    0.2623   0.04263   0.01187   0.01668
    71/199     9.51G   0.04618   0.01633   0.01693   0.07943       135       800    0.7588    0.5456    0.5831    0.2717   0.04111   0.01147   0.01707
    72/199     9.51G   0.04528   0.01587    0.0169   0.07805       101       800      0.76    0.5194    0.5902     0.274   0.04064   0.01187    0.0176
    73/199     9.51G   0.04526   0.01591    0.0168   0.07797       117       800     0.778    0.5317    0.6067    0.2811    0.0411   0.01114   0.01676
    74/199     9.51G   0.04548   0.01612    0.0166    0.0782       169       800    0.7918    0.5565    0.6278    0.2928   0.04007   0.01128   0.01593
    75/199     9.51G   0.04494   0.01608   0.01721   0.07823       122       800    0.7951    0.5637    0.6389     0.299   0.04059   0.01103   0.01479
    76/199     9.51G   0.04534   0.01612   0.01685   0.07831       136       800    0.7935    0.5465     0.625    0.2902    0.0405   0.01097   0.01568
    77/199     9.51G   0.04584   0.01623   0.01744   0.07951       138       800    0.7714    0.5641    0.6158    0.2931   0.03981   0.01081   0.01637
    78/199     9.51G    0.0454     0.016   0.01729   0.07869       105       800    0.7465    0.5631    0.6086    0.2812    0.0407   0.01305    0.0173
    79/199     9.51G   0.04675   0.01671   0.01755   0.08101       149       800    0.7686     0.502    0.5672    0.2639   0.04142   0.01197   0.01828
    80/199     9.51G   0.04551   0.01634   0.01756   0.07941       135       800    0.7778    0.5565    0.6306    0.2915   0.03951    0.0109   0.01597
    81/199     9.51G   0.04512   0.01596    0.0159   0.07698       135       800      0.79    0.5625    0.6205    0.2908   0.04002   0.01104   0.01673
    82/199     9.51G    0.0447   0.01551   0.01596   0.07617       144       800    0.7932    0.5605    0.6233    0.2908   0.03926   0.01083   0.01529
    83/199     9.51G   0.04454   0.01555    0.0153   0.07539       126       800    0.7829    0.5551    0.6091    0.2959   0.03954   0.01076   0.01528
    84/199     9.51G   0.04495   0.01582   0.01609   0.07686        99       800    0.7552    0.6038    0.6367    0.3008   0.03943   0.01064   0.01499
    85/199     9.51G   0.04516   0.01557   0.01496   0.07569       137       800    0.8069    0.5654    0.6331    0.3011   0.03999    0.0107   0.01472
    86/199     9.51G   0.04502   0.01585   0.01508   0.07595       135       800    0.8186    0.5888    0.6652    0.3192   0.03927   0.01055   0.01433
    87/199     9.51G   0.04387    0.0154   0.01575   0.07501       103       800    0.7951    0.5669    0.6298     0.305   0.03839   0.01077    0.0151
    88/199     9.51G   0.04482   0.01572   0.01534   0.07588       152       800    0.7823    0.5691    0.6279     0.308   0.03967   0.01095   0.01586
    89/199     9.51G   0.04384   0.01581   0.01548   0.07513       133       800    0.7902    0.5636    0.6301    0.3156   0.03822   0.01067   0.01491
    90/199     9.51G   0.04442   0.01558   0.01555   0.07556       122       800    0.7955    0.5686    0.6354    0.3157   0.03822   0.01061   0.01426
    91/199     9.51G   0.04318   0.01544   0.01511   0.07372       145       800    0.7951    0.5421    0.6254    0.3111   0.03954   0.01104   0.01454
    92/199     9.51G   0.04463   0.01606   0.01654   0.07723       119       800    0.8076    0.5848     0.645    0.3194   0.03856   0.01059   0.01447
    93/199     9.51G   0.04352    0.0156   0.01557   0.07469       142       800    0.8509    0.5465    0.6463    0.3166   0.03817   0.01063   0.01443
    94/199     9.51G   0.04302   0.01524   0.01443    0.0727       161       800    0.8438    0.5408    0.6431    0.3188   0.03755   0.01056   0.01417
    95/199     9.51G   0.04413   0.01571   0.01615   0.07599       127       800    0.7755    0.6016    0.6431    0.3123    0.0379   0.01065   0.01395
    96/199     9.51G   0.04428   0.01582   0.01574   0.07584       120       800     0.814    0.5672    0.6404    0.3126   0.03823    0.0105   0.01447
    97/199     9.51G   0.04382   0.01533   0.01381   0.07297       158       800    0.8072    0.5827    0.6401     0.322   0.03826   0.01062   0.01369
    98/199     9.51G   0.04454   0.01578   0.01582   0.07615       131       800    0.7996    0.5872    0.6477    0.3172   0.03801   0.01064   0.01357
    99/199     9.51G   0.04341   0.01561   0.01506   0.07408       121       800    0.8009    0.5825    0.6478    0.3163   0.03845   0.01061   0.01397
   100/199     9.51G   0.04287   0.01538   0.01455    0.0728       154       800    0.8165    0.5904    0.6589    0.3316   0.03676   0.01041   0.01362
   101/199     9.51G   0.04337   0.01527   0.01543   0.07408       133       800    0.7987    0.5968    0.6532    0.3283   0.03748   0.01037   0.01385
   102/199     9.51G   0.04303   0.01542     0.014   0.07244       173       800    0.8105    0.5971    0.6537    0.3384   0.03691    0.0103   0.01283
   103/199     9.51G   0.04237   0.01531   0.01452    0.0722       111       800    0.8343    0.5731    0.6562     0.332   0.03698   0.01027   0.01332
   104/199     9.51G   0.04254   0.01512   0.01397   0.07163       113       800    0.8016    0.6064     0.669    0.3317   0.03724   0.01029   0.01321
   105/199     9.51G   0.04188   0.01489    0.0138   0.07057       134       800    0.8207    0.6032    0.6709    0.3392   0.03657   0.01017   0.01314
   106/199     9.51G   0.04256   0.01509   0.01364   0.07129       133       800    0.8148    0.6086     0.654    0.3369   0.03641   0.01019   0.01301
   107/199     9.51G   0.04196   0.01508   0.01427   0.07131       103       800    0.8362    0.5645    0.6539    0.3316   0.03708   0.01051   0.01358
   108/199     9.51G   0.04341   0.01527   0.01385   0.07253       125       800     0.803    0.6098    0.6646    0.3345   0.03687   0.01019   0.01374
   109/199     9.51G   0.04199   0.01516   0.01408   0.07122       101       800    0.7967    0.6066    0.6615    0.3344   0.03648   0.01026   0.01372
   110/199     9.51G   0.04206   0.01506   0.01352   0.07064       123       800    0.8236    0.6012    0.6696    0.3427   0.03684   0.01014   0.01338
   111/199     9.51G   0.04201   0.01513   0.01396    0.0711       155       800    0.8451    0.5964    0.6819    0.3528   0.03678   0.01005   0.01319
   112/199     9.51G   0.04305   0.01521   0.01458   0.07284       108       800    0.8374    0.5859    0.6645      0.34   0.03678   0.01027   0.01366
   113/199     9.51G    0.0414   0.01495   0.01354   0.06989        99       800     0.846    0.5888    0.6684    0.3445   0.03629   0.01011   0.01343
   114/199     9.51G   0.04168   0.01477   0.01339   0.06985       152       800    0.8458    0.5985    0.6817    0.3499   0.03609  0.009999   0.01318
   115/199     9.51G   0.04222   0.01491   0.01287   0.06999       160       800    0.8229      0.61    0.6712    0.3474   0.03598  0.009974   0.01302
   116/199     9.51G   0.04143   0.01509   0.01367   0.07019       163       800    0.8298    0.6092    0.6755    0.3465   0.03609   0.01015   0.01302
   117/199     9.51G   0.04195   0.01506   0.01399   0.07101       153       800    0.8174    0.6105    0.6657    0.3443   0.03619   0.01016   0.01347
   118/199     9.51G   0.04153    0.0148   0.01312   0.06945       156       800    0.8204    0.6157    0.6695     0.345   0.03584   0.01002   0.01298
   119/199     9.51G   0.04085   0.01501   0.01298   0.06885       135       800    0.8042    0.6253    0.6807    0.3528   0.03562  0.009936   0.01312
   120/199     9.51G   0.04054    0.0147   0.01318   0.06842       114       800     0.801    0.6241    0.6682    0.3532    0.0354  0.009964   0.01302
   121/199     9.51G   0.04214   0.01479   0.01342   0.07035       127       800    0.8394    0.5958    0.6674    0.3535   0.03564  0.009979   0.01284
   122/199     9.51G   0.04073   0.01466    0.0122   0.06758       138       800    0.8183    0.6203    0.6749    0.3506   0.03554  0.009971   0.01231
   123/199     9.51G    0.0401   0.01438   0.01276   0.06725       128       800    0.8341    0.6208    0.6798    0.3593   0.03504  0.009867   0.01191
   124/199     9.51G   0.04155   0.01468   0.01288   0.06911       111       800    0.8439     0.616    0.6786    0.3587   0.03526  0.009914   0.01231
   125/199     9.51G   0.04012   0.01479   0.01226   0.06717       158       800    0.8341    0.6161    0.6812    0.3575   0.03544  0.009963   0.01235
   126/199     9.51G   0.04069   0.01458   0.01293    0.0682       112       800     0.832    0.6245    0.6871    0.3621   0.03523   0.00993   0.01225
   127/199     9.51G   0.03991   0.01437   0.01185   0.06613       158       800    0.8411    0.6309    0.6909    0.3675   0.03458  0.009807   0.01166
   128/199     9.51G    0.0404    0.0143   0.01233   0.06704       147       800    0.8715    0.6107    0.6928     0.365   0.03488  0.009845   0.01188
   129/199     9.51G   0.04079   0.01466   0.01191   0.06737       124       800    0.8528    0.6196    0.6904    0.3613   0.03501   0.00984   0.01176
   130/199     9.51G   0.04097   0.01478   0.01333   0.06908       132       800    0.8437    0.6231    0.6868    0.3598   0.03488  0.009888   0.01161
   131/199     9.51G   0.03952   0.01442   0.01167    0.0656       130       800    0.8339    0.6261    0.6823    0.3596   0.03466  0.009898    0.0118
   132/199     9.51G   0.03941   0.01401   0.01145   0.06487       107       800    0.8476    0.6209    0.6891     0.361   0.03451  0.009873   0.01161
   133/199     9.51G   0.04048   0.01449   0.01265   0.06761       105       800    0.8435    0.6248    0.6926    0.3631   0.03464  0.009793   0.01182
   134/199     9.51G   0.03949   0.01402   0.01119    0.0647       109       800    0.8481    0.6229    0.6914    0.3653   0.03459   0.00975   0.01186
   135/199     9.51G   0.03947   0.01413   0.01119   0.06479       134       800    0.8627    0.6142    0.6955    0.3723   0.03418  0.009722   0.01194
   136/199     9.51G   0.03887   0.01425   0.01172   0.06484       142       800    0.8623    0.6144     0.698    0.3706   0.03421  0.009759   0.01193
   137/199     9.51G   0.03872   0.01412   0.01107   0.06391        98       800    0.8318    0.6485    0.6959    0.3718   0.03408  0.009676   0.01168
   138/199     9.51G   0.03945    0.0144   0.01202   0.06587       130       800    0.8374    0.6365    0.6921    0.3705   0.03379  0.009645   0.01163
   139/199     9.51G   0.03909    0.0141   0.01181     0.065       143       800    0.8437    0.6237    0.6905    0.3691   0.03392  0.009654   0.01197
   140/199     9.51G   0.03897   0.01421   0.01103   0.06421        94       800    0.8535    0.6167    0.6943    0.3729   0.03377  0.009647   0.01181
   141/199     9.51G   0.03844   0.01419    0.0107   0.06333       166       800    0.8607    0.6167    0.6942     0.373   0.03384  0.009648   0.01177
   142/199     9.51G   0.03837   0.01404   0.01083   0.06324       133       800     0.867    0.6127     0.697    0.3729   0.03383  0.009575   0.01218
   143/199     9.51G    0.0386   0.01432   0.01094   0.06386       118       800    0.8516    0.6286    0.7025    0.3776    0.0341   0.00958   0.01188
   144/199     9.51G   0.03858     0.014   0.01111   0.06369       119       800    0.8545    0.6245    0.7038     0.381   0.03404  0.009582   0.01195
   145/199     9.51G   0.03908   0.01424   0.01115   0.06447        94       800     0.854    0.6271    0.7025    0.3796   0.03391  0.009547   0.01194
   146/199     9.51G   0.03891   0.01396     0.011   0.06386       127       800    0.8698    0.6179    0.7062    0.3824    0.0338  0.009485   0.01218
   147/199     9.51G   0.03837   0.01373   0.01098   0.06308       134       800    0.8302    0.6399    0.7056    0.3832   0.03378  0.009501   0.01215
   148/199     9.51G   0.03811   0.01433   0.01056     0.063       158       800    0.8615    0.6237     0.711    0.3852   0.03378  0.009447   0.01193
   149/199     9.51G   0.03738   0.01358   0.01043   0.06139       159       800    0.8666    0.6171    0.7092    0.3859   0.03367  0.009428   0.01184
   150/199     9.51G   0.03774   0.01368   0.01013   0.06154       136       800    0.8635    0.6197    0.7061    0.3869   0.03357  0.009427    0.0119
   151/199     9.51G   0.03909   0.01397   0.01095   0.06401       160       800    0.8634    0.6236    0.7059     0.387    0.0335  0.009439   0.01195
   152/199     9.51G   0.03794   0.01393    0.0106   0.06248       110       800    0.8545    0.6357    0.7098    0.3883   0.03355  0.009487   0.01209
   153/199     9.51G   0.03788   0.01382   0.01038   0.06208       145       800    0.8596    0.6307    0.7126    0.3898    0.0334  0.009444   0.01204
   154/199     9.51G   0.03779   0.01395  0.009734   0.06147       159       800    0.8434     0.641    0.7157    0.3933   0.03319  0.009384     0.012
   155/199     9.51G   0.03725   0.01377  0.009481    0.0605       134       800    0.8521    0.6403    0.7157     0.392   0.03306  0.009383   0.01206
   156/199     9.51G   0.03754   0.01374  0.009727     0.061       117       800     0.848    0.6423    0.7191    0.3916   0.03297  0.009345   0.01181
   157/199     9.51G   0.03734   0.01382   0.01067   0.06183       107       800    0.8537    0.6387     0.713    0.3874   0.03309   0.00933   0.01215
   158/199     9.51G   0.03654   0.01365  0.009376   0.05956       113       800    0.8617    0.6326     0.717    0.3902   0.03314  0.009322   0.01221
   159/199     9.51G   0.03645   0.01386  0.009292   0.05961       132       800    0.8486    0.6481    0.7197    0.3914    0.0331  0.009316   0.01224
   160/199     9.51G   0.03721   0.01367   0.01008   0.06095       120       800    0.8445    0.6503    0.7202    0.3926   0.03311   0.00931   0.01206
   161/199     9.51G   0.03675   0.01329  0.009425   0.05947       120       800    0.8601    0.6399    0.7195    0.3933   0.03297  0.009285   0.01202
   162/199     9.51G   0.03737   0.01354  0.009402    0.0603       163       800    0.8623    0.6345    0.7192    0.3932   0.03297  0.009282   0.01214
   163/199     9.51G   0.03688    0.0135  0.009367   0.05975       104       800    0.8645    0.6375     0.717    0.3945   0.03294  0.009262   0.01203
   164/199     9.51G   0.03652   0.01325  0.009209   0.05899       129       800    0.8694    0.6357    0.7184    0.3938    0.0329  0.009264    0.0121
   165/199     9.51G   0.03651   0.01351  0.009423   0.05944       126       800    0.8632    0.6394    0.7187    0.3927   0.03277  0.009263   0.01207
   166/199     9.51G   0.03774   0.01366  0.009811   0.06121       117       800    0.8669    0.6338    0.7196    0.3922   0.03266  0.009256   0.01226
   167/199     9.51G   0.03653    0.0136  0.009039   0.05916       148       800    0.8412    0.6605    0.7253    0.3979   0.03261  0.009264   0.01203
   168/199     9.51G   0.03593   0.01322  0.008752    0.0579       131       800    0.8702    0.6398    0.7273    0.3988   0.03255  0.009256   0.01189
   169/199     9.51G   0.03611   0.01329  0.009083   0.05849       180       800    0.8632    0.6543    0.7275    0.3983   0.03243   0.00922   0.01197
   170/199     9.51G    0.0365    0.0132  0.008955   0.05866       124       800    0.8535    0.6605    0.7247    0.3992   0.03235  0.009188   0.01208
   171/199     9.51G   0.03604   0.01337  0.008479   0.05789       129       800    0.8664    0.6465    0.7264    0.3957   0.03237  0.009175   0.01208
   172/199     9.51G   0.03586   0.01314  0.008555   0.05755       151       800    0.8716    0.6467    0.7289     0.399    0.0323   0.00915   0.01201
   173/199     9.51G   0.03593   0.01347  0.008956   0.05836       142       800     0.869    0.6491     0.727    0.3975   0.03227  0.009136   0.01195
   174/199     9.51G   0.03626   0.01316  0.008656   0.05807       132       800    0.8603    0.6536     0.728    0.3996   0.03221  0.009122    0.0119
   175/199     9.51G   0.03586   0.01319  0.007957   0.05701       113       800    0.8687    0.6468    0.7268    0.4017   0.03221  0.009128     0.012
   176/199     9.51G   0.03536   0.01316  0.008412   0.05693       134       800     0.865    0.6487    0.7254    0.4001    0.0323  0.009136   0.01191
   177/199     9.51G   0.03541   0.01302  0.008551   0.05698       174       800    0.8554    0.6557    0.7261    0.4015   0.03222  0.009123   0.01188
   178/199     9.51G   0.03539   0.01303  0.008367   0.05679       137       800    0.8567    0.6531    0.7232    0.4006    0.0321  0.009127   0.01181
   179/199     9.51G   0.03506   0.01301  0.008258   0.05633       107       800     0.863    0.6495     0.723    0.4013   0.03205  0.009114   0.01173
   180/199     9.51G   0.03499   0.01318  0.008619   0.05679       128       800    0.8443    0.6646    0.7257    0.4022   0.03195  0.009099   0.01179
   181/199     9.51G   0.03587   0.01325  0.008626   0.05774       143       800    0.8706    0.6437    0.7258    0.4016   0.03188  0.009097   0.01175
   182/199     9.51G   0.03538   0.01288  0.008514   0.05677       169       800    0.8671    0.6484    0.7242    0.4031   0.03186  0.009094   0.01173
   183/199     9.51G   0.03541    0.0131  0.008055   0.05657       146       800      0.88    0.6419     0.728    0.4064   0.03184  0.009085   0.01182
   184/199     9.51G   0.03481   0.01273  0.008344   0.05588       115       800     0.859    0.6558    0.7286    0.4061   0.03184  0.009085   0.01182
   185/199     9.51G   0.03461   0.01312  0.007939   0.05567       140       800    0.8594    0.6582     0.731    0.4065   0.03181  0.009076   0.01186
   186/199     9.51G   0.03512   0.01312  0.007798   0.05603       140       800    0.8579    0.6565     0.733    0.4082   0.03177   0.00906   0.01186
   187/199     9.51G   0.03465   0.01296  0.008271   0.05589       104       800    0.8652    0.6543    0.7326    0.4084   0.03173  0.009062   0.01193
   188/199     9.51G   0.03465   0.01284  0.008334   0.05583       142       800    0.8592    0.6567      0.73    0.4087   0.03165  0.009056   0.01193
   189/199     9.51G   0.03494   0.01282   0.00773   0.05549       131       800    0.8645    0.6487    0.7314    0.4097   0.03157  0.009038   0.01185
   190/199     9.51G   0.03421   0.01294  0.008155   0.05531       143       800    0.8652    0.6504    0.7312    0.4091   0.03149  0.009025   0.01184
   191/199     9.51G   0.03514   0.01292  0.008683   0.05673       147       800    0.8906    0.6356    0.7321    0.4085   0.03148  0.009015   0.01185
   192/199     9.51G   0.03505   0.01278  0.008099   0.05593       130       800    0.8697    0.6509    0.7298      0.41   0.03144  0.009013   0.01181
   193/199     9.51G   0.03523   0.01305  0.007962   0.05624       128       800    0.8701    0.6504    0.7306     0.409   0.03144  0.009013   0.01183
   194/199     9.51G    0.0353   0.01315  0.008264   0.05671       177       800    0.8621    0.6589    0.7317     0.409   0.03146  0.009006   0.01196
   195/199     9.51G   0.03463   0.01286  0.008067   0.05556       122       800    0.8647    0.6615    0.7385    0.4135   0.03151     0.009   0.01201
   196/199     9.51G   0.03492   0.01304  0.008656   0.05662       129       800    0.8877    0.6404    0.7357    0.4116   0.03151  0.009001   0.01203
   197/199     9.51G   0.03506   0.01333  0.007984   0.05637       135       800    0.8663    0.6558    0.7364     0.413   0.03152  0.008997   0.01202
   198/199     9.51G   0.03471   0.01293  0.007814   0.05545       110       800    0.8703    0.6549    0.7365    0.4134   0.03149  0.008992   0.01208
   199/199     9.51G    0.0342   0.01252   0.00746   0.05418       133       800    0.8904    0.6398      0.74     0.416   0.03151  0.008987   0.01203
